mass_A
t	x
0.0	-8.01770071517327E-4
0.009999999999999998	-0.0018403715600156245
0.019999999999999997	-0.001912716045332108
0.03	-0.0025220420550887135
0.039999999999999994	-0.003020366898882021
0.049999999999999996	-0.0034282459618568684
0.06	-0.003876056157863933
0.06999999999999998	-0.004878142420612075
0.07999999999999999	-0.005462119217352235
0.09	-0.005841979540332803
0.09999999999999999	-0.00593046311337736
0.10999999999999999	-0.005949867324408553
0.12	-0.0064343704909961275
0.12999999999999998	-0.006897895136715071
0.13999999999999996	-0.006514341687157338
0.14999999999999997	-0.006643879236193556
0.15999999999999998	-0.0065788553740030176
0.16999999999999998	-0.006500240457251921
0.18	-0.006466409081730767
0.18999999999999997	-0.007010965809668257
0.19999999999999998	-0.006943191328454668
0.21	-0.006791175601398164
0.21999999999999997	-0.006412592863461658
0.22999999999999998	-0.006293034361017136
0.24	-0.005949762985846874
0.24999999999999997	-0.0058608103547288515
0.25999999999999995	-0.004984913580864031
0.26999999999999996	-0.004540107416896921
0.2799999999999999	-0.003996337020300861
0.29	-0.0033461518798232615
0.29999999999999993	-0.003377732706683678
0.30999999999999994	-0.0028785876768342156
0.31999999999999995	-0.0023404228555620743
0.32999999999999996	-0.0017834473393819328
0.33999999999999997	-8.712749828865274E-4
0.35	2.1682844508055799E-4
0.36	7.80932999242423E-4
0.36999999999999994	0.0012477536298854675
0.37999999999999995	0.002541731280470999
0.38999999999999996	0.0032865210374405096
0.39999999999999997	0.0038650824279271856
0.41	0.0053018495715900504
0.42	0.006300782632051888
0.42999999999999994	0.007327558836113357
0.43999999999999995	0.007935761968439148
0.44999999999999996	0.009401183968078541
0.45999999999999996	0.00993491800519486
0.47	0.01097943377055241
0.48	0.012203057044939541
0.49	0.01328441951940873
0.49999999999999994	0.01487001930791687
0.5099999999999999	0.015627893676366883
0.5199999999999999	0.016758317799835637
0.5299999999999999	0.018334827898671108
0.5399999999999999	0.019658423603254926
0.5499999999999999	0.020914609256593775
0.5599999999999998	0.021736292081531605
0.57	0.023188958286260303
0.58	0.0242800525695909
0.59	0.025760113433113796
0.5999999999999999	0.027014379793851906
0.6099999999999999	0.0284503896180055
0.6199999999999999	0.02948840452901988
0.6299999999999999	0.03126006053564781
0.6399999999999999	0.0324855246821425
0.6499999999999999	0.03353182339474997
0.6599999999999999	0.03539918165996678
0.6699999999999999	0.036712381151681184
0.6799999999999999	0.03759980336603225
0.69	0.039366652205555824
0.7	0.04028976476504398
0.71	0.04207113947657995
0.72	0.04333900375039204
0.7299999999999999	0.044381991626026435
0.7399999999999999	0.04591072717752151
0.7499999999999999	0.04694919756125068
0.7599999999999999	0.0485490337492033
0.7699999999999999	0.0494768447078012
0.7799999999999999	0.05095452356629776
0.7899999999999999	0.05200861088474279
0.7999999999999999	0.05331442765387512
0.8099999999999998	0.05478061875800255
0.82	0.0557652623481637
0.83	0.05720594444222049
0.84	0.05825723672021199
0.85	0.059293364681380134
0.8599999999999999	0.06040810197252741
0.8699999999999999	0.06160677402515832
0.8799999999999999	0.0628327144411105
0.8899999999999999	0.06388142996907115
0.8999999999999999	0.06495945382277818
0.9099999999999999	0.0660056375574189
0.9199999999999999	0.06712520961550428
0.9299999999999999	0.06812421334596053
0.94	0.0691150003260676
0.95	0.06992562020811327
0.96	0.07056888728668559
0.97	0.0715065543872892
0.98	0.07191937525299325
0.99	0.07269873304675784
0.9999999999999999	0.07381292300598197
1.0099999999999998	0.07403725076080692
1.0199999999999998	0.07459234995519987
1.0299999999999998	0.07514751452927187
1.0399999999999998	0.07558460648239718
1.0499999999999998	0.07608614112517875
1.0599999999999998	0.07686012069821652
1.0699999999999998	0.0773549719168018
1.0799999999999998	0.07774316261620073
1.0899999999999999	0.07787184751866466
1.0999999999999999	0.07815501514129825
1.1099999999999999	0.07837393245232821
1.1199999999999997	0.07898187818146818
1.13	0.07874891684083435
1.14	0.07896206654747928
1.15	0.07920750781882907
1.16	0.07937955024636995
1.17	0.07945512739533767
1.18	0.0794874254626754
1.1899999999999997	0.07939961708129512
1.1999999999999997	0.0792160890604236
1.2099999999999997	0.0787770435808321
1.2199999999999998	0.07885559513950374
1.2299999999999998	0.07847865480240757
1.2399999999999998	0.0783268209692598
1.2499999999999998	0.07776992636202995
1.2599999999999998	0.07756122199226928
1.2699999999999998	0.07723408640413448
1.2799999999999998	0.07660956452462397
1.2899999999999998	0.07601533252465736
1.2999999999999998	0.07527566150476195
1.3099999999999998	0.07466109887617756
1.3199999999999998	0.07417053840907678
1.3299999999999998	0.07353763688118237
1.3399999999999999	0.07261253989647948
1.3499999999999999	0.07201160797140727
1.3599999999999999	0.07129509221561159
1.3699999999999997	0.07029585255982485
1.38	0.06975669570586213
1.39	0.0683427207831463
1.4	0.06731861792552685
1.41	0.06631826731642865
1.42	0.06526579158140511
1.43	0.06470283379483904
1.44	0.06352588686564598
1.45	0.06254162927516432
1.4599999999999997	0.06147429227270085
1.4699999999999998	0.060346498189799785
1.4799999999999998	0.058842907195782695
1.4899999999999998	0.057596441536977516
1.4999999999999998	0.05652321331056839
1.5099999999999998	0.05513968457786475
1.5199999999999998	0.0539126016418337
1.5299999999999998	0.05255278549342682
1.5399999999999998	0.051244952306536334
1.5499999999999998	0.05017656040303162
1.5599999999999998	0.04864455148172506
1.5699999999999998	0.047654948190835905
1.5799999999999998	0.045871114054759216
1.5899999999999999	0.04436506873802762
1.5999999999999999	0.04312694967475042
1.6099999999999999	0.042009150200639
1.6199999999999997	0.04035888470760507
1.63	0.03884580452568018
1.64	0.03726418319462088
1.65	0.03585060290087255
1.66	0.03462414041969361
1.67	0.033230269707950566
1.68	0.0316601131701153
1.69	0.030142254957175374
1.7	0.028596625166297268
1.71	0.027321279478157462
1.7199999999999998	0.02623164983068932
1.7299999999999998	0.024364458097761332
1.7399999999999998	0.02307242259393158
1.7499999999999998	0.022111406747682444
1.7599999999999998	0.020475112498354736
1.7699999999999998	0.01942356125095024
1.7799999999999998	0.01781050164529238
1.7899999999999998	0.01662614133448262
1.7999999999999998	0.015359245165316976
1.8099999999999998	0.014134852124593894
1.8199999999999998	0.012741244821215303
1.8299999999999998	0.011650449190046736
1.8399999999999999	0.010191922772737366
1.8499999999999999	0.009189663850692392
1.8599999999999999	0.008139163124241788
1.8699999999999997	0.006857338737571966
1.88	0.005709550930639878
1.89	0.004705826101891991
1.9	0.0036126379397334873
1.91	0.0029373434222724204
1.92	0.0017508003771593839
1.93	0.0010944069263260081
1.94	-6.570029252786491E-5
1.95	-8.505199841799815E-4
1.96	-0.0014577746932349367
1.97	-0.002386654439888336
1.98	-0.0032262988211516075
1.9899999999999998	-0.0035850059941847645
1.9999999999999998	-0.0040838826765132175
2.01	-0.004613192340789524
2.0199999999999996	-0.005095504631190101
2.03	-0.005479354558000277
2.0399999999999996	-0.006064002658812961
2.05	-0.006761189059910744
2.0599999999999996	-0.007235046358976233
2.07	-0.007609570385967157
2.0799999999999996	-0.007623966471060145
2.09	-0.008009141653263885
2.0999999999999996	-0.00837520025390806
2.11	-0.008099976338991455
2.1199999999999997	-0.008271268820799621
2.1299999999999994	-0.008444245015290841
2.1399999999999997	-0.00851313251348565
2.1499999999999995	-0.00852472761437617
2.1599999999999997	-0.008200759218995102
2.1699999999999995	-0.008417130973474046
2.1799999999999997	-0.008408632016547235
2.1899999999999995	-0.008060920114950076
2.1999999999999997	-0.007802914100878827
2.2099999999999995	-0.0074363719010186735
2.2199999999999998	-0.007258565731891958
2.2299999999999995	-0.006628908911311487
2.2399999999999993	-0.006079706473824081
2.2499999999999996	-0.0055657336474066454
2.26	-0.005001529628967466
2.2699999999999996	-0.0047410002667169215
2.28	-0.004116714485966538
2.2899999999999996	-0.003301443491482481
2.3	-0.002582787942171455
2.3099999999999996	-0.0019925974645842726
2.32	-0.0010505694761368534
2.3299999999999996	-2.359342467058434E-4
2.34	3.8989812871662033E-4
2.3499999999999996	0.0014835046854804745
2.36	0.0021227644648932342
2.3699999999999997	0.002934838317459193
2.3799999999999994	0.004144203181258188
2.3899999999999997	0.005244749720870301
2.3999999999999995	0.005999730302902184
2.4099999999999997	0.007274321788490051
2.4199999999999995	0.007993368945682477
2.4299999999999997	0.009034985165480208
2.4399999999999995	0.010066687320178319
2.4499999999999997	0.0113148178322105
2.4599999999999995	0.012873717798783352
2.4699999999999998	0.013641643583627738
2.4799999999999995	0.015021620149320958
2.4899999999999993	0.016484370917496882
2.4999999999999996	0.01770598737691989
2.51	0.019052508256607814
2.5199999999999996	0.02037305154567967
2.53	0.02135292589001117
2.5399999999999996	0.022992071358488048
2.55	0.023962121017162247
2.5599999999999996	0.02574108125806915
2.57	0.0271600870179681
2.5799999999999996	0.028437544184193142
2.59	0.02949093006059028
2.5999999999999996	0.03131593288572265
2.61	0.03281863969491633
2.6199999999999997	0.03414661494527618
2.63	0.03530236292997463
2.6399999999999997	0.03672931313311048
2.6499999999999995	0.03838960179170034
2.6599999999999997	0.03984841239692724
2.6699999999999995	0.04090555894541023
2.6799999999999997	0.0422835753857555
2.6899999999999995	0.044114724415253964
2.6999999999999997	0.04550420672165931
2.7099999999999995	0.04650269228259227
2.7199999999999998	0.04814084376450056
2.7299999999999995	0.049556194765939504
2.7399999999999993	0.05058649689078387
2.7499999999999996	0.05217049386120309
2.76	0.053396054132446275
2.7699999999999996	0.05491779027720464
2.78	0.05620044990441295
2.7899999999999996	0.0570612640919545
2.8	0.05836420358613495
2.8099999999999996	0.060073967961462194
2.82	0.060773702453981726
2.8299999999999996	0.06203301611701445
2.84	0.0634707689147817
2.8499999999999996	0.06424855477421487
2.86	0.06529257879880462
2.8699999999999997	0.06670013359735111
2.88	0.06744668547567889
2.8899999999999997	0.06871319676344728
2.9	0.069715201812664
2.9099999999999997	0.0707150795857504
2.9199999999999995	0.07172308361369739
2.9299999999999997	0.07241420685422262
2.9399999999999995	0.0731142114659481
2.9499999999999997	0.07401913436855484
2.9599999999999995	0.074464455715199
2.9699999999999998	0.07521510095564371
2.9799999999999995	0.07629140479313234
2.9899999999999993	0.07655096587113364
2.9999999999999996	0.07714552973370475
3.01	0.07762001157691595
3.0199999999999996	0.07838620767747834
3.03	0.07887663155315155
3.0399999999999996	0.07939133620442573
3.05	0.07978810303634915
3.0599999999999996	0.0797399625078381
3.07	0.08029324558873258
3.0799999999999996	0.08011847743565709
3.09	0.08037613866868754
3.0999999999999996	0.08095167548986015
3.11	0.08057792433533417
3.1199999999999997	0.08069461071321371
3.13	0.08098418580899769
3.1399999999999997	0.08064123852048283
3.15	0.08083528303234627
3.1599999999999997	0.08073252320222368
3.17	0.08032985697090361
3.1799999999999997	0.08036037348227754
3.1899999999999995	0.08011050533426062
3.1999999999999997	0.07986123749514346
3.2099999999999995	0.0792506509213804
3.2199999999999998	0.07877588338839309
3.2299999999999995	0.0784840973465632
3.2399999999999993	0.07795387068108922
3.2499999999999996	0.07744703817240273
3.26	0.07663799691166862
3.2699999999999996	0.07632228000044677
3.28	0.07576814922464498
3.2899999999999996	0.07500500269810989
3.3	0.07404596225275895
3.3099999999999996	0.07326109282633736
3.32	0.07265693015689784
3.3299999999999996	0.07151546437717016
3.34	0.0706311840992036
3.3499999999999996	0.06977294344824231
3.36	0.06889849174785762
3.3699999999999997	0.0679475424321167
3.38	0.0669026236330989
3.3899999999999997	0.06565459632783077
3.4	0.06432719274974597
3.4099999999999997	0.06358443508272382
3.42	0.06255035438051898
3.4299999999999997	0.0612438616719683
3.4399999999999995	0.059709823347751406
3.4499999999999997	0.05865612845058213
3.4599999999999995	0.05714479553743576
3.4699999999999998	0.05582662665727925
3.4799999999999995	0.054816872003662115
3.4899999999999993	0.053266883479666405
3.4999999999999996	0.052236213135133935
3.51	0.05053135554965421
3.5199999999999996	0.04917897339545621
3.53	0.047985338412727147
3.5399999999999996	0.04645541011336321
3.55	0.04509717531813187
3.5599999999999996	0.04333794557764942
3.57	0.0417350493645319
3.5799999999999996	0.04025773530478782
3.59	0.038756362459836935
3.5999999999999996	0.03734289948593136
3.61	0.0361466639903438
3.6199999999999997	0.03459867218150853
3.63	0.033234079148809076
3.6399999999999997	0.03161638262027039
3.65	0.030077844190304986
3.6599999999999997	0.028542277478826178
3.67	0.027016376643945822
3.6799999999999997	0.025520399812292316
3.69	0.0240139281717269
3.6999999999999997	0.022837434009094743
3.7099999999999995	0.02162072590523273
3.7199999999999998	0.019922466270364148
3.7299999999999995	0.01854396655064175
3.7399999999999993	0.017515080132881333
3.7499999999999996	0.01596251491189843
3.76	0.015042693683394837
3.7699999999999996	0.013467505234614263
3.78	0.011966338182517328
3.7899999999999996	0.011066674169471241
3.8	0.009478152562854891
3.8099999999999996	0.00889189026813439
3.82	0.007753019168054487
3.8299999999999996	0.00664814932207039
3.84	0.005590624333062899
3.8499999999999996	0.004479233151173934
3.86	0.0034152906644906167
3.8699999999999997	0.0024925025542937296
3.88	0.0015312462839145446
3.8899999999999997	3.9356664743564473E-4
3.9	-6.584482997456231E-4
3.9099999999999997	-0.0012598298857487422
3.92	-0.001860313300468014
3.9299999999999997	-0.002694270725774689
3.94	-0.003785477196754955
3.9499999999999997	-0.004108357438283167
3.96	-0.0046980764209574866
3.9699999999999998	-0.005443409389622178
3.9799999999999995	-0.00592827603814744
3.9899999999999993	-0.006388513684263769
3.9999999999999996	-0.006738256403606813
4.01	-0.007225899649448392
4.02	-0.00792354489338587
4.03	-0.00830814941194169
4.039999999999999	-0.008311402014280628
4.05	-0.008964724424587761
4.06	-0.008574708335346709
4.07	-0.008806762973242788
4.079999999999999	-0.009022842335394132
4.09	-0.009257284967452123
4.1	-0.00933516617046426
4.109999999999999	-0.009399843100337257
4.119999999999999	-0.009410552627687335
4.129999999999999	-0.009283732498624409
4.14	-0.008973484426334583
4.1499999999999995	-0.008482901960706474
4.159999999999999	-0.008198867273710886
4.169999999999999	-0.008185674926127817
4.18	-0.007922950274088042
4.1899999999999995	-0.006967678040831704
4.199999999999999	-0.006587343512444249
4.209999999999999	-0.006018013835347613
4.22	-0.00589119403116925
4.229999999999999	-0.005415308771947236
4.239999999999999	-0.004872878619326726
4.249999999999999	-0.004321057758072316
4.259999999999999	-0.003481627983224267
4.27	-0.0023206706253055542
4.279999999999999	-0.0017047375218754435
4.289999999999999	-0.0013494199576035981
4.299999999999999	-2.2513669145107773E-4
4.31	3.5873555702040094E-4
4.319999999999999	0.00160316887170886
4.329999999999999	0.002674076067658321
4.339999999999999	0.0036820040840249424
4.35	0.004687877203384566
4.359999999999999	0.0054171116398483155
4.369999999999999	0.006476119028974547
4.379999999999999	0.007524088157104675
4.39	0.008585943850503236
4.3999999999999995	0.009685089564176574
4.409999999999999	0.010744442038404856
4.419999999999999	0.01237368518973711
4.43	0.013131018593333377
4.4399999999999995	0.014616428860922431
4.449999999999999	0.015710682739641074
4.459999999999999	0.016974702266618125
4.47	0.01819892374286386
4.479999999999999	0.019732245114771285
4.489999999999999	0.02082942894930559
4.499999999999999	0.022492823212664548
4.509999999999999	0.023891326729429674
4.52	0.024909507209665255
4.529999999999999	0.0267306108489814
4.539999999999999	0.02823726467130991
4.549999999999999	0.029654294736017772
4.56	0.030985587844048285
4.569999999999999	0.032145640211175414
4.579999999999999	0.03352623995863266
4.589999999999999	0.03526581810124385
4.6	0.03649296329531024
4.609999999999999	0.03770337639671889
4.619999999999999	0.03944225854272715
4.629999999999999	0.040977848484672286
4.64	0.04238636850561453
4.6499999999999995	0.043677045994146485
4.659999999999999	0.04490992329377946
4.669999999999999	0.04656163605092575
4.68	0.04792301380619718
4.6899999999999995	0.04917119479970827
4.699999999999999	0.050713920424476144
4.709999999999999	0.05215288872022039
4.72	0.05319159255599404
4.729999999999999	0.0547809014730537
4.739999999999999	0.056043940089262695
4.749999999999999	0.05742622600252023
4.759999999999999	0.05861798062044016
4.77	0.06007282575761658
4.779999999999999	0.060824983423787754
4.789999999999999	0.0622097439391785
4.799999999999999	0.06340164895802713
4.81	0.06458260020491863
4.819999999999999	0.06531645020960736
4.829999999999999	0.06635814360194447
4.839999999999999	0.06767785958744865
4.85	0.06860929917364206
4.859999999999999	0.06963112398715793
4.869999999999999	0.0706520006520483
4.879999999999999	0.07160679627429772
4.89	0.07228263828156012
4.8999999999999995	0.07334262930939689
4.909999999999999	0.07412304762392419
4.919999999999999	0.07477263953592883
4.93	0.07535458636323272
4.9399999999999995	0.07619085079823695
4.949999999999999	0.07682499965785078
4.959999999999999	0.07706165122185038
4.97	0.07794704150181314
4.979999999999999	0.07807577382003084
4.989999999999999	0.07890687064648533
4.999999999999999	0.07943564801867498
5.01	0.07955272912844119
5.02	0.07965170900226959
5.029999999999999	0.08002186857796723
5.039999999999999	0.08030214819269216
5.049999999999999	0.0802642824257791
5.06	0.08032360232883912
5.069999999999999	0.08048615683609267
5.079999999999999	0.08058711941564206
5.089999999999999	0.0806234347926989
5.1	0.08035796386934152
5.109999999999999	0.08011769317756556
5.119999999999999	0.08051631796441
5.129999999999999	0.08023889089043068
5.14	0.07956253244266487
5.1499999999999995	0.07934118702572851
5.159999999999999	0.07936284637576324
5.169999999999999	0.07864327901472173
5.18	0.07812136606636916
5.1899999999999995	0.07753771069537879
5.199999999999999	0.0770173358392992
5.209999999999999	0.07694418245091156
5.22	0.07633267225554458
5.229999999999999	0.0757669321470999
5.239999999999999	0.07500818586556146
5.249999999999999	0.07407745009239858
5.26	0.07342389874836541
5.27	0.07277955915050871
5.279999999999999	0.07178570344344815
5.289999999999999	0.07123532212430705
5.299999999999999	0.06987418627326669
5.31	0.06887873345349255
5.319999999999999	0.06787698686637328
5.329999999999999	0.06682287006870707
5.339999999999999	0.06618791669084018
5.35	0.06513722965703161
5.359999999999999	0.06406876131581069
5.369999999999999	0.0630012284337369
5.379999999999999	0.06191460681924996
5.39	0.06070330814382005
5.3999999999999995	0.059241630017001
5.409999999999999	0.05812037487469646
5.419999999999999	0.056609298530055085
5.43	0.055391620972421396
5.4399999999999995	0.05435589391707643
5.449999999999999	0.05285390667554013
5.459999999999999	0.05186646362504077
5.47	0.05005974017351478
5.479999999999999	0.04883846559842209
5.489999999999999	0.0476836931387736
5.499999999999999	0.045859812649087284
5.51	0.04443385122947932
5.52	0.0431383624482633
5.529999999999999	0.041827732165906295
5.539999999999999	0.04050437139400759
5.549999999999999	0.038720411189309495
5.56	0.037210809416945684
5.569999999999999	0.03562849851514449
5.579999999999999	0.034291584178127665
5.589999999999999	0.03314506740411241
5.6	0.03192759980448093
5.609999999999999	0.030001526927027983
5.619999999999999	0.02855033692791001
5.629999999999999	0.027234626135973383
5.64	0.02611610306342707
5.6499999999999995	0.02447438165985036
5.659999999999999	0.0231453469101168
5.669999999999999	0.02217542248224877
5.68	0.020403421931711713
5.6899999999999995	0.019466090481510295
5.699999999999999	0.017821292412685485
5.709999999999999	0.01687697795188972
5.72	0.015356844090307964
5.729999999999999	0.014491522480230223
5.739999999999999	0.013331635489438692
5.749999999999999	0.012114228160025886
5.76	0.010751789462528333
5.77	0.009569336980935927
5.779999999999999	0.008788926084714793
5.789999999999999	0.007758015765564924
5.8	0.0064562587361735035
5.81	0.0057140435626418795
5.819999999999999	0.004522026911552457
5.829999999999999	0.0034501274200309795
5.839999999999999	0.0023696244305680125
5.85	0.0015904165611081156
5.859999999999999	0.0011470474242080142
5.869999999999999	-1.609291602369667E-5
5.879999999999999	-4.901545141354213E-4
5.89	-0.0011426022995073282
5.8999999999999995	-0.002145855084585452
5.909999999999999	-0.0023847105093954823
5.919999999999999	-0.002855642284993992
5.93	-0.0033987961317615
5.9399999999999995	-0.003937714738601772
5.949999999999999	-0.004833937968065305
5.959999999999999	-0.005350100039254402
5.97	-0.005763995589594867
5.979999999999999	-0.006089884338150636
5.989999999999999	-0.006201127000820789
5.999999999999999	-0.006709087480734149
6.01	-0.006671392021285638
6.02	-0.007168211622942955
6.029999999999999	-0.007459576176476579
6.039999999999999	-0.006962365494326467
6.05	-0.00694871043821893
6.06	-0.006967427228529194
6.069999999999999	-0.007547579926556913
6.079999999999999	-0.007498555928183465
6.089999999999999	-0.007458365608704276
6.1	-0.007311618301774042
6.109999999999999	-0.006960407147492881
6.119999999999999	-0.006517711048300595
6.129999999999999	-0.0061127075659520025
6.14	-0.00612120110971473
6.1499999999999995	-0.005880661639111107
6.159999999999999	-0.004931180567299104
6.169999999999999	-0.00435290511620659
6.18	-0.0038913578997298304
6.1899999999999995	-0.0038702670551869767
6.199999999999999	-0.003382246372041098
6.209999999999999	-0.002787900266600918
6.22	-0.0022839047529776
6.229999999999999	-0.0015561618937192934
6.239999999999999	-5.944648259351426E-4
6.249999999999999	-2.0340085606365688E-4
6.26	8.233796213311939E-4
6.27	0.001231598180538307
6.279999999999999	0.002595486122060453
6.289999999999999	0.0035119302683103704
6.3	0.004037551145735535
6.31	0.004898890288723257
6.319999999999999	0.006339846007431427
6.329999999999999	0.006916172495775419
6.34	0.008312424410003849
6.35	0.00920511070840671
6.359999999999999	0.010204333089040951
6.369999999999999	0.01137244320934494
6.379999999999999	0.012924956853110264
6.39	0.013569011414161836
6.3999999999999995	0.014824994045171652
6.409999999999999	0.016434143042387717
6.419999999999999	0.017273717163624497
6.43	0.01860855179355786
6.4399999999999995	0.01982259197084843
6.449999999999999	0.021183207972935686
6.459999999999999	0.022647595360817674
6.47	0.024014821163642314
