mass_A
t	x
0.0	-0.001261951711617637
0.01	-0.001640913875075145
0.02	-0.0022899822076379306
0.030000000000000002	-0.002837283359788778
0.04	-0.003444740678838265
0.05	-0.0043519325674289955
0.060000000000000005	-0.005008095306147875
0.07	-0.0059459366049299245
0.08	-0.0068874458274754136
0.09000000000000001	-0.008011810037237166
0.1	-0.009085948705501057
0.11	-0.010456247462362012
0.12000000000000001	-0.012054754020158875
0.13	-0.013177422988951581
0.14	-0.014604277062329252
0.15	-0.016192491500776007
0.16	-0.017648478488534236
0.17	-0.01929588562200757
0.18000000000000002	-0.02088687318390242
0.19	-0.022739911845137573
0.2	-0.02455258539380184
0.21000000000000002	-0.026372008818773163
0.22	-0.02847779205430523
0.23	-0.03054128740988965
0.24000000000000002	-0.03169856988752606
0.25	-0.033725578481909324
0.26	-0.03582145800130715
0.27	-0.03790296530422163
0.28	-0.04000028031235131
0.29000000000000004	-0.042056108552645105
0.3	-0.0444628283405446
0.31	-0.04657857380891439
0.32	-0.04874860339903808
0.33	-0.05113472430202043
0.34	-0.05328566589643824
0.35000000000000003	-0.0554132751168635
0.36000000000000004	-0.05792864481118168
0.37	-0.06044693845245505
0.38	-0.06255316294871116
0.39	-0.06508240393689005
0.4	-0.06726314915188539
0.41000000000000003	-0.06974127590934381
0.42000000000000004	-0.07191541778347696
0.43	-0.07431557010803419
0.44	-0.07652557550228498
0.45	-0.07859571463870932
0.46	-0.08103120571755115
0.4700000000000001	-0.08317608588669806
0.48000000000000004	-0.08571111835278575
0.49000000000000005	-0.08781709301804488
0.5	-0.08989816341315227
0.51	-0.092347058450032
0.52	-0.09446240123956298
0.53	-0.0965046147961813
0.54	-0.09856106796885747
0.55	-0.10064486019935168
0.56	-0.10269582035276476
0.5700000000000001	-0.10475668592960005
0.5800000000000001	-0.10671702941901029
0.5900000000000001	-0.10845481449765138
0.6	-0.11042988696396913
0.61	-0.11202127721555985
0.62	-0.11397766923266572
0.63	-0.11559019708118531
0.64	-0.11710230698132157
0.65	-0.11869410302709976
0.66	-0.12018519594716831
0.67	-0.12168918088478028
0.68	-0.12288460190022069
0.6900000000000002	-0.12429944531917228
0.7000000000000001	-0.12541666603258933
0.7100000000000001	-0.12646461623866156
0.7200000000000001	-0.12793340498643435
0.73	-0.1289962899667574
0.74	-0.1299941814678351
0.75	-0.13096244689703554
0.76	-0.13159365396753553
0.77	-0.13257464466666874
0.78	-0.13316920476729346
0.79	-0.13404227785780995
0.8	-0.13455641061302628
0.81	-0.1350916673875014
0.8200000000000001	-0.13561061703785718
0.8300000000000001	-0.13572602690054733
0.8400000000000001	-0.1357406895438961
0.8500000000000001	-0.13615519842509663
0.86	-0.1362054215437128
0.87	-0.13618246897474925
0.88	-0.1361429762385274
0.89	-0.1360984837102159
0.9	-0.13566082230065324
0.91	-0.13558079794588515
0.92	-0.13512927468450475
0.93	-0.1346624643813239
0.9400000000000002	-0.13414954819917693
0.9500000000000001	-0.13358029270067437
0.9600000000000001	-0.13255815155711065
0.9700000000000001	-0.13160900595402497
0.9800000000000001	-0.131001356933446
0.9900000000000001	-0.13002364321024323
1.0	-0.12902604932428613
1.01	-0.12792988204842104
1.02	-0.12683367220493713
1.03	-0.1258149594533185
1.04	-0.12443382416056559
1.05	-0.12324322308239752
1.06	-0.12174542273716119
1.07	-0.12024497346255544
1.08	-0.11867974160373529
1.09	-0.11713210369771987
1.1	-0.11553543400314642
1.11	-0.11395609701716583
1.12	-0.11239103330430927
1.1300000000000003	-0.11045655128354917
1.1400000000000001	-0.10846405320996647
1.1500000000000001	-0.10682482441263969
1.1600000000000001	-0.10471906904643025
1.1700000000000002	-0.10271958419614088
1.1800000000000002	-0.10070438620323668
1.19	-0.09868136254848855
1.2	-0.09700318221432669
1.21	-0.09495140072124678
1.22	-0.09292635482758216
1.23	-0.09086627926193455
1.24	-0.0887458934180933
1.25	-0.08668644279529986
1.26	-0.08460197468154895
1.27	-0.08256677600548165
1.28	-0.08014191535371756
1.29	-0.07799799194165191
1.3	-0.07589553558919196
1.31	-0.07374790755776306
1.32	-0.07133739341971485
1.33	-0.0692314798527317
1.34	-0.06720254518792781
1.35	-0.06513110744623499
1.36	-0.06296008970779485
1.37	-0.060997708574595216
1.3800000000000003	-0.058922457112781323
1.3900000000000001	-0.05687183567275719
1.4000000000000001	-0.054752850830307814
1.4100000000000001	-0.05274236695994872
1.4200000000000002	-0.05072942960585622
1.4300000000000002	-0.048729156981726224
1.4400000000000002	-0.04708602075788845
1.4500000000000002	-0.045072607459739816
1.46	-0.04341715147142436
1.47	-0.04148198788927579
1.48	-0.03977736176149696
1.49	-0.038228634760896385
1.5	-0.03633910566222637
1.51	-0.034782352923444504
1.52	-0.03322548390992566
1.53	-0.03167324574871
1.54	-0.030535164921059677
1.55	-0.02914255409557498
1.56	-0.028013450290607866
1.57	-0.026532270835448624
1.58	-0.02551859115145566
1.59	-0.024458658004166967
1.6	-0.023413784837843232
1.61	-0.02240837242399929
1.62	-0.021444854721051843
1.6300000000000003	-0.020798670085685034
1.6400000000000001	-0.019838862373909194
1.6500000000000001	-0.019223106939611545
1.6600000000000001	-0.018653429213045525
1.6700000000000002	-0.018190272231181914
1.6800000000000002	-0.017719661469457082
1.6900000000000002	-0.01722403209030382
1.7000000000000002	-0.016759207035599744
1.7100000000000002	-0.01663723345342305
1.72	-0.016289182108588707
1.73	-0.016250175137886513
1.74	-0.016157433002051913
1.75	-0.016148052880976815
1.76	-0.016163417213429065
1.77	-0.016257363099382083
1.78	-0.01637577582838806
1.79	-0.016329140681044463
1.8	-0.016738049137573763
1.81	-0.01724388662314813
1.82	-0.017761515784755988
1.83	-0.018283311776978284
1.84	-0.01878110041825176
1.85	-0.019353812992136954
1.86	-0.020223694532131575
1.87	-0.020917756986041314
1.8800000000000003	-0.02187040585586586
1.8900000000000001	-0.022873610207471473
1.9000000000000001	-0.023809577449094732
1.9100000000000001	-0.02491620492702601
1.9200000000000002	-0.025933374289191957
1.9300000000000002	-0.027012705704583584
1.9400000000000002	-0.028037980973680043
1.9500000000000002	-0.029078498653213602
1.9600000000000002	-0.03048369123828998
1.9700000000000002	-0.03161076950606684
1.9800000000000002	-0.03308987805036365
1.99	-0.0346668136694297
2.0	-0.03613831988572347
2.0100000000000002	-0.037355437033933514
2.02	-0.038796638808744816
2.0300000000000002	-0.04028560549147439
2.04	-0.04194925393477056
2.0500000000000003	-0.04346557067671744
2.06	-0.0450181901767549
2.0700000000000003	-0.04663578557284609
2.08	-0.04815214864275705
2.0900000000000003	-0.050108497733512475
2.1	-0.05169523061174636
2.1100000000000003	-0.05327224763650237
2.12	-0.05488030461884463
2.13	-0.05642264102594194
2.14	-0.058319584568605504
2.15	-0.05997916809839446
2.16	-0.06200943815800322
2.17	-0.06356976556429741
2.18	-0.06557333619178529
2.19	-0.06717940181482915
2.2	-0.06876080913193913
2.21	-0.07031764506670732
2.22	-0.07224469179164769
2.23	-0.07389235534173161
2.24	-0.07544929423441835
2.25	-0.07703349242015292
2.2600000000000007	-0.07860783987610878
2.27	-0.0805053757036498
2.2800000000000002	-0.08210266515985026
2.29	-0.08369026227317058
2.3000000000000003	-0.08519369935606064
2.31	-0.086720705894484
2.3200000000000003	-0.0883008982408578
2.33	-0.08986311743263925
2.3400000000000003	-0.09140261597326696
2.35	-0.09284389734425996
2.3600000000000003	-0.09396392395418415
2.37	-0.09547077944848073
2.38	-0.09700511368034145
2.39	-0.09813406723002999
2.4	-0.09914628779755583
2.41	-0.10056890078732786
2.42	-0.10168279522775439
2.43	-0.10272214405259358
2.44	-0.104161998639625
2.45	-0.10514454567080267
2.46	-0.10622195409792207
2.47	-0.10689613410178148
2.48	-0.10784793046126481
2.49	-0.10847812355501832
2.5	-0.1094438620187421
2.5100000000000007	-0.1104031967942325
2.52	-0.11098128987256084
2.5300000000000002	-0.11156022096854046
2.54	-0.11207936674042338
2.5500000000000003	-0.11254041463725672
2.56	-0.11309328719470066
2.5700000000000003	-0.11355887468658538
2.58	-0.11402701146690034
2.5900000000000003	-0.11448223583545533
2.6	-0.11458419766424918
2.6100000000000003	-0.11504479697150413
2.62	-0.11508593500132622
2.6300000000000003	-0.11512318716717368
2.64	-0.11513310258692097
2.65	-0.11513956077241677
2.66	-0.11512337913539547
2.67	-0.1150596539559385
2.68	-0.11507948704959878
2.69	-0.11458377371233022
2.7	-0.11449077910456609
2.71	-0.1140368478464665
2.72	-0.11392214560328945
2.73	-0.11307014328012852
2.74	-0.112533687044892
2.75	-0.11205730718238355
2.7600000000000007	-0.11147419082922994
2.77	-0.11093106606130321
2.7800000000000002	-0.11038622404945023
2.79	-0.10984784811133921
2.8000000000000003	-0.10893904809001498
2.81	-0.10795026799077118
2.8200000000000003	-0.10728834005293336
2.83	-0.10628748120442358
2.8400000000000003	-0.10532269152246901
2.85	-0.10434152508323699
2.8600000000000003	-0.10331582979439632
2.87	-0.10218900644269793
2.8800000000000003	-0.10116047595074032
2.89	-0.10009525611100226
2.9000000000000004	-0.09904128252755573
2.91	-0.09796916277871268
2.92	-0.09693359442154487
2.93	-0.09554967331240771
2.94	-0.09441567199947629
2.95	-0.09299278049201543
2.96	-0.09180232346034725
2.97	-0.09039087831816658
2.98	-0.08888092133552356
2.99	-0.08733077428768896
3.0	-0.0861715959467085
3.0100000000000007	-0.08477674131115659
3.02	-0.08324916725971945
3.0300000000000002	-0.08205762239865314
3.04	-0.08058333275786078
3.0500000000000003	-0.07913184429553491
3.06	-0.07789140824567359
3.0700000000000003	-0.07640718449317077
3.08	-0.07494848962765063
3.0900000000000003	-0.07343227452619078
3.1	-0.07222404808374569
3.1100000000000003	-0.0708395360509349
3.12	-0.06930325741288806
3.1300000000000003	-0.06817021147457425
3.14	-0.06709973683085663
3.1500000000000004	-0.06570928197038103
3.16	-0.06414987960985974
3.1700000000000004	-0.06306657562820686
3.18	-0.06155244200860055
3.19	-0.0605064304069281
3.2	-0.05941938770846664
3.21	-0.05834114803823695
3.22	-0.05730676610605287
3.23	-0.056252140214528956
3.24	-0.05531646062519538
3.25	-0.054278317875785076
3.2600000000000007	-0.053245845872167935
3.27	-0.0522576997210735
3.2800000000000002	-0.051280829838619674
3.29	-0.05024583274165628
3.3000000000000003	-0.04922063534019741
3.31	-0.04857434691540041
3.3200000000000003	-0.04760809102615815
3.33	-0.047012225725893
3.3400000000000003	-0.04615918722126808
3.35	-0.04554745274356886
3.3600000000000003	-0.04507553592779384
3.37	-0.04451928230777821
3.3800000000000003	-0.04403505356100304
3.39	-0.04353623121080846
3.4000000000000004	-0.04298140873883263
3.41	-0.04254901178176604
3.4200000000000004	-0.04238584520912722
3.43	-0.04199742467066722
3.44	-0.04184519315092522
3.45	-0.04154499636997186
3.46	-0.04146904040372426
3.47	-0.041437776485037076
3.48	-0.04098928819988942
3.49	-0.040989476539480374
3.5	-0.04094657487858677
3.5100000000000007	-0.04092936814896958
3.52	-0.04100864320955905
3.5300000000000002	-0.041331637187895676
3.54	-0.04144941681226055
3.5500000000000003	-0.0415014638913728
3.56	-0.04199337953515528
3.5700000000000003	-0.042341864606097596
3.58	-0.0425020261764438
3.5900000000000003	-0.04289338045731175
3.6	-0.0434689871165195
3.6100000000000003	-0.04354733209242173
3.62	-0.04403372126541516
3.6300000000000003	-0.04454742119039953
3.64	-0.045059541738677183
3.6500000000000004	-0.04567021143134797
3.66	-0.04619150074043349
3.6700000000000004	-0.04667237892508161
3.68	-0.04717705211265574
3.6900000000000004	-0.04805138552489474
3.7	-0.04870251701536457
3.71	-0.04961597869414108
3.72	-0.05019114813009348
3.73	-0.0511467576048073
3.74	-0.05182153141766141
3.75	-0.05272022393541104
3.7600000000000007	-0.05338730209451101
3.77	-0.054288810524819264
3.7800000000000002	-0.05490530912599273
3.79	-0.055879846459527954
3.8000000000000003	-0.05680870643385688
3.81	-0.05750998891955261
3.8200000000000003	-0.05843489426578691
3.83	-0.059395072015738765
3.8400000000000003	-0.06044633627956095
3.85	-0.0614547331504382
3.8600000000000003	-0.06243786179165631
3.87	-0.06341352914576617
3.8800000000000003	-0.0641269223841277
3.89	-0.06508699873185642
3.9000000000000004	-0.06608442299977504
3.91	-0.06671150634246636
3.9200000000000004	-0.06770889779411579
3.93	-0.06862344073211826
3.9400000000000004	-0.06967139085619936
3.95	-0.0703306116932611
3.9600000000000004	-0.07081618067549297
3.97	-0.07182443528658572
3.98	-0.0727290078600085
3.99	-0.07346280342803801
4.0	-0.0743559870931875
4.01	-0.07533791070656534
4.0200000000000005	-0.07594095217041119
4.03	-0.07685098693370462
4.04	-0.07752662657236514
4.05	-0.0780861802558325
4.0600000000000005	-0.07899129939843011
4.07	-0.07953269588940937
4.08	-0.08050845944403962
4.09	-0.08103542845595801
4.1000000000000005	-0.08160354893956404
4.11	-0.08208697028117937
4.12	-0.08263284546032526
4.13	-0.0831968757760849
4.140000000000001	-0.08373979158463127
4.15	-0.08423319975037571
4.16	-0.0846493166966793
4.17	-0.08518165179852386
4.180000000000001	-0.08564449420425976
4.19	-0.08581706214222906
4.2	-0.08623208687534048
4.21	-0.08668135756279582
4.220000000000001	-0.08692177262483247
4.23	-0.08724867700612413
4.24	-0.0873978386996507
4.25	-0.08771305422686662
4.26	-0.08788118956099764
4.270000000000001	-0.08818171013844187
4.28	-0.08825509644203366
4.29	-0.08820653048833801
4.3	-0.08825202395192891
4.3100000000000005	-0.08831878285434983
4.32	-0.08833484861750981
4.33	-0.08833442052504636
4.34	-0.08835234964401201
4.3500000000000005	-0.08832704161150107
4.36	-0.08830272363619629
4.37	-0.0882819297806546
4.38	-0.08784388125176978
4.390000000000001	-0.08776381383201179
4.4	-0.08783429302548604
4.41	-0.08772469205753472
4.42	-0.08769462865685021
4.430000000000001	-0.08732081129149463
4.44	-0.08678344048344447
4.45	-0.08632149224657412
4.46	-0.08622030004523795
4.470000000000001	-0.08578782606705307
4.48	-0.08564030885731885
4.49	-0.08523200571929879
4.5	-0.08472560363350629
4.51	-0.08459079088296154
4.520000000000001	-0.08410910474314351
4.53	-0.08365042025979405
4.54	-0.08315655718995288
4.55	-0.08263297402595585
4.5600000000000005	-0.08206003557891922
4.57	-0.08156355300447193
4.58	-0.0810584403444258
4.59	-0.0805271385495466
4.6000000000000005	-0.08001867788806472
4.61	-0.07946608586361498
4.62	-0.0789786170048451
4.63	-0.07840536314242894
4.640000000000001	-0.07787808228177995
4.65	-0.07739386744989551
4.66	-0.076829043710991
4.67	-0.07601711161782185
4.680000000000001	-0.07540019632783398
4.69	-0.07484011992596631
4.7	-0.0743156942826062
4.71	-0.07379953989556257
4.720000000000001	-0.07292093340523453
4.73	-0.07241312391439905
4.74	-0.07186610396604212
4.75	-0.07133879160563483
4.76	-0.07075150426282245
4.770000000000001	-0.07022898160914648
4.78	-0.0697240684198775
4.79	-0.0692739617580308
4.8	-0.06867924714465676
4.8100000000000005	-0.06817743037123736
4.82	-0.06768569639134456
4.83	-0.06724504722528632
4.84	-0.06666832746023468
4.8500000000000005	-0.06621100740398472
4.86	-0.06575712648693818
4.87	-0.06521125033327893
4.88	-0.06502532636590139
4.890000000000001	-0.06466127453902848
4.9	-0.06448473608971897
4.91	-0.06405984578569202
4.92	-0.06358510997988051
4.930000000000001	-0.06358583628808823
4.94	-0.06310215218896789
4.95	-0.06290654886822569
4.96	-0.06259372497219928
4.970000000000001	-0.06246272440912373
4.98	-0.0624800256474147
4.99	-0.06239392486880979
5.0	-0.06206178209937191
5.010000000000001	-0.06201922810850982
5.020000000000001	-0.0620135166993461
5.03	-0.06198108846144593
5.04	-0.06198381007671891
5.05	-0.06199240109441223
5.0600000000000005	-0.06202122447130287
5.07	-0.06199851972421211
5.08	-0.06208885601019021
5.09	-0.06213992191558884
5.1000000000000005	-0.062210856232016054
5.11	-0.06249841326959285
5.12	-0.06265276015584734
5.13	-0.06295983522524698
5.140000000000001	-0.06307699549518475
5.15	-0.06323191910665321
5.16	-0.06358660620169637
5.17	-0.06401676477792576
5.180000000000001	-0.06417627513434529
5.19	-0.06461701054657251
5.2	-0.06507728224117174
5.21	-0.06550653429728123
5.220000000000001	-0.06603277511686712
5.23	-0.06619894583721692
5.24	-0.06663205386961946
5.25	-0.0672197211479561
5.260000000000001	-0.06765398382836141
5.270000000000001	-0.06807728568159882
5.28	-0.0686673794119341
5.29	-0.06914580482711735
5.3	-0.06967905385596726
5.3100000000000005	-0.07021845636654811
5.32	-0.0707041175340688
5.33	-0.07129874701824246
5.34	-0.07173782458731406
5.3500000000000005	-0.07227661097617635
5.36	-0.07281210580342817
5.37	-0.0733511854305259
5.38	-0.07389744020328742
5.390000000000001	-0.07447475685153906
5.4	-0.07490591286152204
5.41	-0.07544193639971788
5.42	-0.07595659149450332
5.430000000000001	-0.07636698960907018
5.44	-0.07693878938069124
5.45	-0.07747598683824872
5.46	-0.07799258760700103
5.470000000000001	-0.07855140508346689
5.48	-0.07895552094685299
5.49	-0.07948419232532794
5.5	-0.0799784941798169
5.510000000000001	-0.08049714047876916
5.520000000000001	-0.08104792627832225
5.53	-0.08117319877413229
5.54	-0.08161452784069698
5.55	-0.08214768138761527
5.5600000000000005	-0.08256379370934266
5.57	-0.08271605714721422
5.58	-0.08315200012518595
5.59	-0.08354158853142948
5.6000000000000005	-0.08371959037965548
5.61	-0.08407017351559637
5.62	-0.08425691712818134
5.63	-0.08453196287257497
5.640000000000001	-0.08473160958491818
5.65	-0.08474088610512773
5.66	-0.0851487220560658
5.67	-0.08524349315429441
5.680000000000001	-0.08522746421880037
5.69	-0.08524779566811405
5.7	-0.08525492957247369
5.71	-0.08529465714695716
5.720000000000001	-0.08528255349103331
5.73	-0.08526389163331857
5.74	-0.08519354569922724
5.75	-0.08514879150419094
5.760000000000001	-0.0852330710973084
5.770000000000001	-0.08518269914737911
5.78	-0.08514525916416837
5.79	-0.08479556468587293
5.800000000000001	-0.08469151420477286
5.8100000000000005	-0.08424968481334386
5.82	-0.08409694783753693
5.83	-0.08373035652168082
5.84	-0.08355987436431106
5.8500000000000005	-0.08317928745944117
5.86	-0.0827407741573134
5.87	-0.08249249094803607
5.88	-0.08206569267529554
5.890000000000001	-0.08160386519016052
5.9	-0.08105492696625993
5.91	-0.0806139315931981
5.92	-0.08009659234000255
5.930000000000001	-0.07950013804387876
5.94	-0.07907090134252973
5.95	-0.07849476971141994
5.96	-0.07796998399551613
5.970000000000001	-0.07702237611598006
5.98	-0.07649528023518945
5.99	-0.07594132607391363
6.0	-0.07540474555686572
6.010000000000001	-0.0748628030155484
6.020000000000001	-0.07393023167348889
6.03	-0.07336530349269219
6.04	-0.07271829488936157
6.050000000000001	-0.07223111092836113
6.0600000000000005	-0.07130273269581411
6.07	-0.07074367558907402
6.08	-0.0697676793989706
6.09	-0.068853638437128
6.1000000000000005	-0.06819024685163635
6.11	-0.06756086373594752
6.12	-0.06669545074516026
6.13	-0.06610349913662186
6.140000000000001	-0.0655090732501766
6.15	-0.06458285425710314
6.16	-0.06367100129603068
6.17	-0.06301083217379838
6.180000000000001	-0.06208784603106912
6.19	-0.06145322592849928
6.2	-0.06058708560322004
6.21	-0.05999807524890899
6.220000000000001	-0.05940082700299473
6.23	-0.058469948567373004
6.24	-0.05783951982031327
6.25	-0.05691917018634754
6.260000000000001	-0.05629429397823843
6.270000000000001	-0.055740523911089385
6.28	-0.054894584573336014
6.29	-0.05434954429201003
6.300000000000001	-0.053691252124280775
6.3100000000000005	-0.053168249736890355
6.32	-0.05267500010314388
6.33	-0.05217837467501191
6.340000000000001	-0.05130039907063985
6.3500000000000005	-0.05076604162082693
6.36	-0.050198662903048086
6.37	-0.04967903187141867
6.38	-0.04918853550515678
6.390000000000001	-0.048704007199199956
6.4	-0.04818013210494096
6.41	-0.04769609722795623
6.42	-0.0475777686665432
6.430000000000001	-0.047174704293609676
6.44	-0.04707556808581265
6.45	-0.04703838922873829
6.46	-0.04698170045913769
6.470000000000001	-0.04662438325215912
6.48	-0.04609060657692238
6.49	-0.0461012885591357
6.5	-0.04612847375642781
6.510000000000001	-0.04606226977799274
6.520000000000001	-0.04611773745243761
6.53	-0.04605781844448831
6.54	-0.046137094130280054
6.550000000000001	-0.04615204924674168
6.5600000000000005	-0.04620834636957624
6.57	-0.046552877414627825
6.58	-0.04666008734454488
6.590000000000001	-0.046987436556792855
6.6000000000000005	-0.04760467114779193
6.61	-0.047643172287628405
6.62	-0.04813301977819909
6.63	-0.048586897944166346
6.640000000000001	-0.04906296579113681
6.65	-0.049621736730601884
6.66	-0.05012155553973416
6.67	-0.0506772562241265
6.680000000000001	-0.051213282337952026
6.69	-0.05183784032800717
6.7	-0.05262330270009816
6.71	-0.053262692770795095
6.720000000000001	-0.053817945627808395
6.73	-0.05472818182049363
6.74	-0.055383788316349075
6.75	-0.05630017334851162
6.760000000000001	-0.05727961372744497
6.770000000000001	-0.0579972925514054
6.78	-0.05895640849734485
6.79	-0.059848368674310676
6.800000000000001	-0.060910856961413934
6.8100000000000005	-0.06194326049835666
6.82	-0.06306972542650177
6.83	-0.06404359396694931
6.840000000000001	-0.06517239636954172
6.8500000000000005	-0.06658479785937177
6.86	-0.0675822336265593
6.87	-0.06871057618227272
6.88	-0.069766665115297
6.890000000000001	-0.07077988370825464
6.9	-0.0718360974382807
6.91	-0.07291936715126368
6.92	-0.07393166095833364
6.930000000000001	-0.07533751084249307
6.94	-0.07646829026864904
6.95	-0.07751704659569786
6.96	-0.07896969531354853
6.970000000000001	-0.08004366358561349
6.98	-0.08117316825848025
6.99	-0.08217207265162652
7.0	-0.08357133148628937
7.010000000000001	-0.08464930388659986
7.020000000000001	-0.08576738748570337
7.03	-0.08722370092686338
7.04	-0.08829055983938858
7.050000000000001	-0.08938345920297094
7.0600000000000005	-0.0904247982796329
7.07	-0.09143139631704092
7.08	-0.09244158544725908
7.090000000000001	-0.0934956896461093
7.1000000000000005	-0.09452047617401774
7.11	-0.09556094214308047
7.12	-0.09654284848140615
7.130000000000001	-0.09755744370032349
7.140000000000001	-0.09854683550421944
7.15	-0.09958667440703667
7.16	-0.100578057730249
7.17	-0.10156438352226002
7.180000000000001	-0.10258226343512966
7.19	-0.10321049290715664
7.2	-0.10379645093802772
7.21	-0.1046992215841597
7.220000000000001	-0.10521804283084751
7.23	-0.10585280176935669
7.24	-0.1067810237470963
7.25	-0.10733081223799837
7.260000000000001	-0.10777724327286659
7.270000000000001	-0.10830858113997566
7.28	-0.10880985544163735
7.29	-0.10896233235873864
7.300000000000001	-0.10936006611196467
7.3100000000000005	-0.10948697685262315
7.32	-0.10993814248459124
7.33	-0.10999585418190666
7.340000000000001	-0.11039338944674368
7.3500000000000005	-0.11044338131937098
7.36	-0.11042887766927403
7.37	-0.11045755154145989
7.380000000000001	-0.11044207776760703
7.390000000000001	-0.1103883271298644
7.4	-0.11031811622927953
7.41	-0.1099684969972152
7.42	-0.10979191714129385
7.430000000000001	-0.10945941230594494
7.44	-0.10935449405972267
7.45	-0.10892771021055639
7.46	-0.10838440463463045
7.470000000000001	-0.10786165411256363
7.48	-0.10737452245857537
7.49	-0.10678210536694097
7.5	-0.1062161592251255
7.510000000000001	-0.10536058355961261
7.520000000000001	-0.10473772358936428
7.53	-0.10380113119080239
7.54	-0.10318716925763666
7.550000000000001	-0.10222345972657995
7.5600000000000005	-0.10162100199941324
7.57	-0.10057645442054755
7.58	-0.09914597585346915
7.590000000000001	-0.09816180367785507
7.6000000000000005	-0.09704210330883656
7.61	-0.09599870445664535
7.62	-0.09491598459357647
7.630000000000001	-0.09388523192819143
7.640000000000001	-0.09245430298608645
7.65	-0.0913094757775377
7.66	-0.08982770152353942
7.67	-0.08834195178461784
7.680000000000001	-0.0867858011482949
7.69	-0.08565810731663881
7.7	-0.08419998954966793
7.71	-0.08270826381096272
7.720000000000001	-0.08151503410541028
7.73	-0.07999981786194887
7.74	-0.07843985247275359
7.75	-0.07690699966610862
7.760000000000001	-0.07532313633364787
7.770000000000001	-0.07380525976450597
7.78	-0.07225729168769046
7.79	-0.0707454896994448
7.800000000000001	-0.06920521194350748
7.8100000000000005	-0.06766595344497581
7.82	-0.06608788067273808
7.83	-0.06416644588701215
7.840000000000001	-0.06252137952143524
7.8500000000000005	-0.06094885329961616
7.86	-0.05943694256887447
7.87	-0.057866559388940225
7.880000000000001	-0.056291541321017435
7.890000000000001	-0.0548533014286868
7.9	-0.05333370580622421
7.91	-0.051688744751738874
7.920000000000001	-0.05020555823103537
7.930000000000001	-0.04860674098650636
7.94	-0.04708764362972301
7.95	-0.04558895578885547
7.96	-0.044360430915117544
7.970000000000001	-0.0429060228584533
7.98	-0.041453249325380664
7.99	-0.04035306296305716
8.0	-0.038845961657689804
8.01	-0.0373791434575067
8.02	-0.03623015934452389
8.030000000000001	-0.035103811257634926
8.040000000000001	-0.034183156874441956
8.05	-0.0327377044543595
8.06	-0.03164841813355579
8.07	-0.030591587538405185
8.08	-0.029612585097759214
8.09	-0.028684019479801703
8.1	-0.0275943214087907
8.110000000000001	-0.02692974527835068
8.120000000000001	-0.026055575991447366
8.13	-0.02535347440747493
8.14	-0.024812955153758476
8.15	-0.023992874232176165
8.16	-0.02338981785606059
8.17	-0.022862642038441794
8.18	-0.02238139622594504
8.190000000000001	-0.02185948439659685
8.200000000000001	-0.02188124819518611
8.21	-0.021373788390407322
8.22	-0.02127136862962392
8.23	-0.020838203803955013
8.24	-0.020858846125094144
8.25	-0.0208361624533831
8.26	-0.020852815282359605
8.27	-0.020923146253243652
8.280000000000001	-0.020876853636791537
8.290000000000003	-0.021314776234954813
8.3	-0.02144607511764607
8.31	-0.021878163823528862
8.32	-0.022268885158037155
8.33	-0.022790025800538183
8.34	-0.02333122118794778
8.35	-0.023965917444003892
8.360000000000001	-0.024555939520722214
8.370000000000001	-0.025374147317704265
8.38	-0.026033536665058643
8.39	-0.026953622587229553
8.4	-0.027573822052737895
8.41	-0.028580737376645293
8.42	-0.029652270063934782
8.43	-0.030686779706108003
8.440000000000001	-0.0320619040429512
8.450000000000001	-0.03319019362853648
8.46	-0.03434538218727809
8.47	-0.03575998792353835
8.48	-0.037209286891845106
8.49	-0.03837514887592053
8.5	-0.0399319638917853
8.51	-0.04140617592218626
8.52	-0.042994254213186256
8.530000000000001	-0.04454000528153876
8.540000000000003	-0.04613918066731343
8.55	-0.04770506258576224
8.56	-0.04919212077190063
8.57	-0.05120222829693036
8.58	-0.053207562264887376
8.59	-0.05487171457448062
8.6	-0.056833709091471146
8.610000000000001	-0.05848174774403392
8.620000000000001	-0.06042000580709689
8.63	-0.06210782233997239
8.64	-0.06406471070705161
8.65	-0.0661076672133322
8.66	-0.06812766716253793
8.67	-0.07018164392970125
8.68	-0.07219859771553583
8.690000000000001	-0.07394309634819024
8.700000000000001	-0.0759058028944323
8.71	-0.077912954171552
8.72	-0.07994659710012336
8.73	-0.08200133588073646
8.74	-0.08367883747974811
8.75	-0.08571793126050767
8.76	-0.08776742485104361
8.77	-0.0898214510335062
8.780000000000001	-0.09180795785545073
8.790000000000003	-0.09348201564306291
8.8	-0.09502448055498378
8.81	-0.09697135680838001
8.82	-0.09901710939058872
8.83	-0.10064240023300558
8.84	-0.1022350751335313
8.85	-0.10419691964866895
8.860000000000001	-0.1057941648361525
8.870000000000001	-0.10740945208765951
8.88	-0.10890182790216485
8.89	-0.11042219942979165
8.9	-0.11196628867428116
8.91	-0.11350872972604018
8.92	-0.1149776713051455
8.93	-0.116566099141589
8.940000000000001	-0.11770444130063668
8.950000000000001	-0.11915406225175176
8.96	-0.12024229126556465
8.97	-0.12168815979583528
8.98	-0.12276518990991164
8.99	-0.12378738255827262
9.0	-0.12479739179511234
9.01	-0.12581107028086563
9.02	-0.12647577935602808
9.030000000000001	-0.12734856669710534
9.040000000000003	-0.1279766737177931
9.05	-0.12854527785417538
9.06	-0.12900028602821761
9.07	-0.12955356374393256
9.08	-0.12996582705164836
9.09	-0.13051297347968657
9.1	-0.13094998018662188
9.110000000000001	-0.13109159489340544
9.120000000000001	-0.1315192572172332
9.13	-0.13161102347576037
9.14	-0.13158410006123794
9.15	-0.13149718294735835
9.16	-0.1314191696950155
9.17	-0.13105755033765323
9.18	-0.1309751848833454
9.190000000000001	-0.13057730458414346
9.200000000000001	-0.13013406946924788
9.21	-0.12988173308105472
9.22	-0.12940611823531895
9.23	-0.12887896655091652
9.24	-0.12797708843184782
9.25	-0.1274188532125658
9.26	-0.12640057711853456
9.27	-0.12539792885062856
9.280000000000001	-0.12442949799021491
9.290000000000003	-0.12337451773399827
9.3	-0.1223388854042092
9.31	-0.12120546205952903
9.32	-0.12013709200056125
9.33	-0.11872088775312029
9.34	-0.11760268380418518
9.35	-0.11608278644656583
9.360000000000001	-0.11455524176392526
9.370000000000001	-0.1130364934438633
9.38	-0.11146274379428722
9.39	-0.1099120909448709
9.4	-0.10833805052184908
9.41	-0.1063949009114046
9.42	-0.1043554874634321
9.43	-0.10270101343313309
9.440000000000001	-0.10070249832984571
9.450000000000001	-0.09903541514357381
9.46	-0.09708770885427681
9.47	-0.09504529116766075
9.48	-0.09293544977552007
9.49	-0.09088088365831637
9.5	-0.0888585061433062
9.51	-0.08674282976910025
9.52	-0.08472376145791166
9.530000000000001	-0.08265308367110605
9.540000000000003	-0.08052122213468627
9.55	-0.0784176105350402
9.56	-0.07631288009029971
9.57	-0.07397030037152688
9.58	-0.07181346235536387
9.59	-0.06966203819346004
9.6	-0.06719000703000036
9.610000000000001	-0.0651444112413021
9.620000000000001	-0.06304192476801718
9.63	-0.060512552119134255
9.64	-0.05837417873437348
9.65	-0.056325013341452984
9.66	-0.054232578866431236
9.67	-0.05216648748605318
9.68	-0.04967861566157075
9.690000000000001	-0.04756021706911839
9.700000000000001	-0.04549274981193835
9.71	-0.043438807947022706
9.72	-0.04141190837974981
9.73	-0.03937459740058158
9.74	-0.037342037718704285
9.75	-0.035311394264045726
9.76	-0.03324492965598014
9.770000000000001	-0.03127507077806768
9.780000000000001	-0.02954614857089305
9.790000000000003	-0.027599406791570413
9.8	-0.02599151503877367
9.81	-0.024407756693121452
9.82	-0.022892481642099227
9.83	-0.021343578265540175
9.84	-0.01981259378333816
9.85	-0.018295349523452076
9.860000000000001	-0.016790520556679456
9.870000000000001	-0.015616405384136611
9.88	-0.014570838634110572
9.89	-0.013521701944246622
9.9	-0.012144324865970835
9.91	-0.011087216727271476
9.92	-0.010432636914254223
9.93	-0.009448879451273817
9.940000000000001	-0.008482737739527846
9.950000000000001	-0.007596297494806115
9.96	-0.006947870507947096
9.97	-0.006385322812735239
9.98	-0.0058989597203358834
9.99	-0.005394485543940897
10.0	-0.004950874193639765
10.01	-0.004748094557472993
10.020000000000001	-0.004484935845673388
10.030000000000001	-0.004348913644400376
10.040000000000003	-0.004402484120094419
10.05	-0.004423331200813674
10.06	-0.004470064102778837
10.07	-0.00479099020185858
10.08	-0.005311477577416512
10.09	-0.005471793914816392
10.1	-0.0059224820209488604
10.110000000000001	-0.006504402596811787
10.120000000000001	-0.007378980061607421
10.13	-0.008388704243849021
10.14	-0.008994937974485029
10.15	-0.009950279101285764
10.16	-0.010637372856060978
10.17	-0.011684988167250387
10.18	-0.012607620976986422
10.190000000000001	-0.013697308347984105
10.200000000000001	-0.015181142959025506
10.21	-0.016650182067168562
10.22	-0.017754178953183097
10.23	-0.01925089784723355
10.24	-0.020754432355978847
10.25	-0.022397125912964055
10.26	-0.024376154789838622
10.270000000000001	-0.025990899510143994
10.280000000000001	-0.027957153532424284
10.290000000000003	-0.02960619178245255
10.3	-0.031204234650548113
10.31	-0.033172200517023326
10.32	-0.03477368722727084
10.33	-0.03724287526163278
10.34	-0.03929955732677698
10.35	-0.041401756395998635
10.360000000000001	-0.04344739875081344
10.370000000000001	-0.045593392195008686
10.38	-0.0476827966511395
10.39	-0.05010812027509101
10.4	-0.05222087064376449
10.41	-0.054402152352836436
10.42	-0.05684762519395728
10.43	-0.05899247511542538
10.440000000000001	-0.06151753451953182
10.450000000000001	-0.06401505069100008
10.46	-0.06656037719091915
10.47	-0.06880596887531903
10.48	-0.07086701878499846
10.49	-0.07337936484917684
10.5	-0.0758579676502115
10.51	-0.07805944683487862
10.520000000000001	-0.08012433310006808
10.530000000000001	-0.08263089427490394
10.540000000000003	-0.08480793373123754
10.55	-0.08724950048220018
10.56	-0.08989213564047582
10.57	-0.09233339657065884
10.58	-0.09441182594226669
10.59	-0.09651599334373104
10.6	-0.09864574687435126
10.610000000000001	-0.10110576982082922
10.620000000000001	-0.10319106419870999
10.63	-0.10520845181564814
10.64	-0.10733332145855926
10.65	-0.1093885283800193
10.66	-0.11137660180694159
10.67	-0.11307981409919568
10.68	-0.11506330577868587
10.690000000000001	-0.11710067010633246
10.700000000000001	-0.11865427149665506
10.71	-0.12026599401037205
10.72	-0.12223705017566303
10.73	-0.12379025729378598
10.74	-0.12531345492246326
10.75	-0.1267901156831817
10.76	-0.12798100747908775
10.770000000000001	-0.12906496162622663
10.780000000000001	-0.13048629964548403
10.790000000000003	-0.1315775470850975
10.8	-0.13259367492523944
10.81	-0.1336851271066423
10.82	-0.13463914811132088
10.83	-0.13559019201584427
10.84	-0.136583313026892
10.85	-0.13722593215881532
10.860000000000001	-0.13776846077208574
10.870000000000001	-0.1382847960289268
10.88	-0.13872820078586395
10.89	-0.13920634025868817
10.9	-0.13934481257255368
10.91	-0.13971739347632456
10.92	-0.1398357575834864
10.93	-0.13985827856031488
10.940000000000001	-0.13982293892991923
10.950000000000001	-0.13983854384124325
10.96	-0.13979469208650855
10.97	-0.13966759514251073
10.98	-0.13927420156778236
10.99	-0.13883271246656118
11.0	-0.1383512288067239
11.01	-0.1377404396014223
11.020000000000001	-0.13719755922874718
11.030000000000001	-0.13626060898607817
11.040000000000003	-0.1357015382038958
11.05	-0.13505557890219902
11.06	-0.1340761786055361
11.07	-0.13301946503628642
11.08	-0.13195570094987602
11.09	-0.1309719445132798
11.1	-0.12949450572951132
11.110000000000001	-0.12836569167713507
11.120000000000001	-0.1269471927886141
11.13	-0.12542910633564117
11.14	-0.1239099336958541
11.15	-0.12224784186642007
11.16	-0.12075377326712439
11.17	-0.11916156910349737
11.18	-0.11715376001793545
11.190000000000001	-0.11557481734748315
11.200000000000001	-0.1135437401810401
11.21	-0.11191652089695397
11.22	-0.10991688385886147
11.23	-0.1078452049543141
11.24	-0.10583769294414225
11.25	-0.10381638434360899
11.26	-0.10170158445780408
11.270000000000001	-0.09960500217872792
11.280000000000001	-0.09707715015392052
11.290000000000003	-0.09495172816386613
11.3	-0.09283784858200642
11.31	-0.09035548979852781
11.32	-0.08821836118892226
11.33	-0.08576743423622754
11.34	-0.08323641689979577
11.350000000000001	-0.08100578980436896
11.360000000000001	-0.07849358236457638
11.370000000000001	-0.07596262488669017
11.38	-0.07343871530666321
11.39	-0.07174127108938094
11.4	-0.06925028528676397
11.41	-0.06669727773596257
11.42	-0.06451238894793596
11.43	-0.06207621214646905
11.440000000000001	-0.05950585076825074
11.450000000000001	-0.05729727666197476
11.46	-0.054881827800142474
11.47	-0.052663348626806744
11.48	-0.050209733207080526
11.49	-0.048040338985077674
11.5	-0.045980725312330994
11.51	-0.0435603913156164
11.520000000000001	-0.04093215394230312
11.530000000000001	-0.03887068436009361
11.540000000000003	-0.03679929035162813
11.55	-0.034752626736568315
11.56	-0.03273459841478821
11.57	-0.030667452907713277
11.58	-0.028657264925041392
11.59	-0.026958352166747912
11.600000000000001	-0.02499959839248017
11.610000000000001	-0.023322984026872717
11.620000000000001	-0.021370627181780177
11.63	-0.01978327002743846
11.64	-0.018236064476136682
11.65	-0.016698164198726717
11.66	-0.015610375289580203
11.67	-0.014199982848269732
11.68	-0.013015628704343862
11.690000000000001	-0.011616367182398835
11.700000000000001	-0.01041176675393174
11.71	-0.009383225010134444
11.72	-0.008347371674746529
11.73	-0.007397275626814692
11.74	-0.006499902581382999
11.75	-0.005837464580881635
11.76	-0.005378212172594432
11.770000000000001	-0.004434428618941
11.780000000000001	-0.004264098165945529
11.790000000000003	-0.003879915823025437
11.8	-0.0033262408151798484
11.81	-0.003208494286775665
11.82	-0.0029085471739799806
11.83	-0.002820216287269306
11.84	-0.0027564325817819313
11.850000000000001	-0.0028071841236197437
11.860000000000001	-0.0028752590354770846
11.870000000000001	-0.003148283544604058
11.88	-0.0033360561472856043
11.89	-0.003793305068001962
11.9	-0.004280584729643044
11.91	-0.005012001068229688
11.92	-0.005470121249872617
11.93	-0.006340064666501999
11.940000000000001	-0.00705723086001997
11.950000000000001	-0.008004074603812694
11.96	-0.008884744412075762
11.97	-0.010080742335529969
11.98	-0.01111189384226563
11.99	-0.012518477595088506
12.0	-0.01360955856176782
12.01	-0.01473116851791656
12.020000000000001	-0.016222620377038977
12.030000000000001	-0.017741615107133624
12.040000000000003	-0.019348808882575008
12.05	-0.02089860379002273
12.06	-0.02277329459690286
12.07	-0.024430900574593073
12.08	-0.026035469935201172
12.09	-0.02803494060440559
12.100000000000001	-0.029654693039765923
12.110000000000001	-0.031586010300632905
12.120000000000001	-0.03321371952020649
12.13	-0.03532850634557819
12.14	-0.037317153453906377
12.15	-0.03938975347571175
12.16	-0.041548023744999024
12.17	-0.04364353732996873
12.18	-0.04595708532068618
12.190000000000001	-0.048123461693819286
12.200000000000001	-0.05025558629003565
12.21	-0.05236526024464572
12.22	-0.05479405826894393
12.23	-0.05696047301121773
12.24	-0.05947286693816681
12.25	-0.061978946008142494
12.26	-0.06411973529206283
12.270000000000001	-0.06668104591321322
12.280000000000001	-0.06875765897761452
12.290000000000003	-0.07121190023281723
12.3	-0.07341013360491477
12.31	-0.07587822402716421
12.32	-0.07805590402027435
12.33	-0.08013833765242184
12.34	-0.08256160656059464
12.350000000000001	-0.08473516405180315
12.360000000000001	-0.08677105879137434
12.370000000000001	-0.08886257729648392
12.38	-0.09137207716478798
12.39	-0.09342626389231809
12.4	-0.0954869235905979
12.41	-0.09760667478970991
12.42	-0.0996649101049332
12.43	-0.10169718617149431
12.440000000000001	-0.10370163849303424
12.450000000000001	-0.10573429317445432
12.46	-0.10778145549595497
12.47	-0.10939248027986909
12.48	-0.11095107059713086
12.49	-0.11253394927186192
12.5	-0.11414781630585927
12.51	-0.11566097410249293
12.520000000000001	-0.11719720494951333
12.530000000000001	-0.11867805905406575
12.540000000000003	-0.12020124792642783
12.55	-0.12166686826630721
12.56	-0.12284074214247279
12.57	-0.12391112040130162
12.58	-0.12496580280678671
12.59	-0.12632650001077544
12.600000000000001	-0.12742528118995727
12.610000000000001	-0.12841740660762765
12.620000000000001	-0.12945443981520838
12.63	-0.13005895289683092
12.64	-0.13097688921721354
12.65	-0.13156270878889853
12.66	-0.13205946263334878
12.67	-0.1325617417705543
12.680000000000001	-0.13310032222966248
12.690000000000001	-0.13352898492191256
12.700000000000001	-0.13370489018815174
12.71	-0.13404359791331316
