mass_A
t	x
0.0	-2.4621014909242955E-5
0.01	2.2189827954133268E-4
0.02	7.125253650779595E-4
0.030000000000000002	-3.102238291050052E-5
0.04	2.706727284142729E-4
0.05	8.755181191983374E-4
0.060000000000000005	9.556502074842821E-4
0.07	0.0017600997731661572
0.08	0.0024099020768517387
0.09000000000000001	0.003138110240039349
0.1	0.003212213195014163
0.11	0.00386043606225131
0.12000000000000001	0.004677645368264816
0.13	0.0055120338795232315
0.14	0.007126543198092056
0.15	0.0077341898375849205
0.16	0.008285569581558322
0.17	0.01039069159449324
0.18000000000000002	0.011615066296975673
0.19	0.012843333955720987
0.2	0.01352312796414204
0.21000000000000002	0.015522169819090548
0.22	0.016252608856180267
0.23	0.01765235630557585
0.24000000000000002	0.01934651365240872
0.25	0.02098207875644567
0.26	0.022167142695755537
0.27	0.02404739845414358
0.28	0.025214252847717167
0.29000000000000004	0.027812724455941212
0.3	0.02944268522024579
0.31	0.031287063221445616
0.32	0.0326774028582868
0.33	0.03466368937324946
0.34	0.03641481541125649
0.35000000000000003	0.03827170837094343
0.36000000000000004	0.040260683089874794
0.37	0.042606309292021916
0.38	0.04416863434617413
0.39	0.04606933175671818
0.4	0.048011054367303685
0.41000000000000003	0.05002161922394094
0.42000000000000004	0.05214264605796243
0.43	0.05440084344643431
0.44	0.05661197895983261
0.45	0.05865551960133031
0.46	0.06044070164405446
0.4700000000000001	0.06262878700895502
0.48000000000000004	0.06477132024678767
0.49000000000000005	0.06706310696043316
0.5	0.06867771131489814
0.51	0.07053557502209629
0.52	0.07259305372751745
0.53	0.07455940578170411
0.54	0.07647414599300373
0.55	0.07839861862412695
0.56	0.08034535916378649
0.5700000000000001	0.0827315811137237
0.5800000000000001	0.08469864451496484
0.5900000000000001	0.08662716799313763
0.6	0.08849304483734349
0.61	0.09046179118191211
0.62	0.09207632876053895
0.63	0.09331100623759686
0.64	0.09533931060115158
0.65	0.09643123092868688
0.66	0.09806692467524514
0.67	0.10020861848403656
0.68	0.10101740440490309
0.6900000000000002	0.10235816978002915
0.7000000000000001	0.10359595860190246
0.7100000000000001	0.10545006964957465
0.7200000000000001	0.10658990596228729
0.73	0.10792756899372635
0.74	0.10906179466921007
0.75	0.10984803891342482
0.76	0.11124488245401776
0.77	0.11170117329596574
0.78	0.11280974103005248
0.79	0.11369009891746795
0.8	0.11433840814542096
0.81	0.11501329098584018
0.8200000000000001	0.11567335079074598
0.8300000000000001	0.11594915581009979
0.8400000000000001	0.11611602704145063
0.8500000000000001	0.11631817316548537
0.86	0.11702657883780399
0.87	0.1165123033499667
0.88	0.11712720792869924
0.89	0.11647629304230672
0.9	0.11713241188070361
0.91	0.11680321388346987
0.92	0.11584919998815779
0.93	0.11586666977484944
0.9400000000000002	0.11579226264827741
0.9500000000000001	0.11458443565341553
0.9600000000000001	0.1140692923086713
0.9700000000000001	0.11385521184596314
0.9800000000000001	0.11326403809939622
0.9900000000000001	0.11259801492123761
1.0	0.1114308342465884
1.01	0.11001995505239204
1.02	0.1091333961839312
1.03	0.10858193580672837
1.04	0.10672934367001241
1.05	0.10615374042853631
1.06	0.10414585931154874
1.07	0.10351450586782007
1.08	0.10198150485837065
1.09	0.10046792084592088
1.1	0.09838703349493422
1.11	0.09718339172227286
1.12	0.09576807791509206
1.1300000000000003	0.09368637065531332
1.1400000000000001	0.09249407210910554
1.1500000000000001	0.0899444900531336
1.1600000000000001	0.08800875681415915
1.1700000000000002	0.08609719625908052
1.1800000000000002	0.08471935899940852
1.19	0.08277967578561396
1.2	0.08070564404960856
1.21	0.0788124428903948
1.22	0.07683798550357562
1.23	0.07460137420442997
1.24	0.07211149297319691
1.25	0.07009613237660933
1.26	0.06774555948686667
1.27	0.0657833777870046
1.28	0.06345176079273973
1.29	0.06107135462306007
1.3	0.05896169045073518
1.31	0.05650832831483632
1.32	0.05438350038546713
1.33	0.05198298187734263
1.34	0.049741583886927454
1.35	0.047510581116287864
1.36	0.04526615622123503
1.37	0.04285689975063778
1.3800000000000003	0.04102898759827028
1.3900000000000001	0.03855024495029766
1.4000000000000001	0.03669415222467959
1.4100000000000001	0.0346717648491732
1.4200000000000002	0.032663634866565316
1.4300000000000002	0.030656282401503865
1.4400000000000002	0.028397943407643955
1.4500000000000002	0.02626448407567203
1.46	0.024344421428699886
1.47	0.02254389003053442
1.48	0.020622298047429877
1.49	0.01889796673266425
1.5	0.017225196371845164
1.51	0.015127786911575014
1.52	0.013353817739025636
1.53	0.012189758659813948
1.54	0.010285441296453035
1.55	0.00851462972948333
1.56	0.007232231109906173
1.57	0.0056084685452296446
1.58	0.004378731049289625
1.59	0.0031444473946888596
1.6	0.002082097833553953
1.61	9.250124513486557E-4
1.62	-5.798466138297043E-4
1.6300000000000003	-0.0016711635965179772
1.6400000000000001	-0.0021395576867927757
1.6500000000000001	-0.003132118489669017
1.6600000000000001	-0.004311616634258775
1.6700000000000002	-0.005118798653498541
1.6800000000000002	-0.005398042662991542
1.6900000000000002	-0.006171325809598477
1.7000000000000002	-0.006198052309340396
1.7100000000000002	-0.006711810016599928
1.72	-0.006809785607128027
1.73	-0.00725264481291521
1.74	-0.007494978139999636
1.75	-0.0073829208313552774
1.76	-0.007694725318514284
1.77	-0.007744451716290124
1.78	-0.007705788080233672
1.79	-0.007311564853997865
1.8	-0.006631486887631405
1.81	-0.0061504563627299835
1.82	-0.005597371695159253
1.83	-0.005424758097619914
1.84	-0.004774380739981432
1.85	-0.003730562672905391
1.86	-0.002616607430010104
1.87	-0.002617344191089138
1.8800000000000003	-0.0013980487535587005
1.8900000000000001	-7.523687194296025E-4
1.9000000000000001	7.557808830553903E-4
1.9100000000000001	0.0014676727105651377
1.9200000000000002	0.002675290765361188
1.9300000000000002	0.004462830894139236
1.9400000000000002	0.00520323783361748
1.9500000000000002	0.006553433469505154
1.9600000000000002	0.007959931312144564
1.9700000000000002	0.00977677232561286
1.9800000000000002	0.011161471431006265
1.99	0.012952237039580788
2.0	0.014749568346154485
2.0100000000000002	0.01672163472715746
2.02	0.018676427615537394
2.0300000000000002	0.020566724637197942
2.04	0.02237211046083737
2.0500000000000003	0.024500381772618735
2.06	0.026027587610510855
2.0700000000000003	0.027896875402851712
2.08	0.02989588474854382
2.0900000000000003	0.03181311624575947
2.1	0.033850390106000466
2.1100000000000003	0.03591330095102557
2.12	0.038410989521537486
2.13	0.04036231217603975
2.14	0.04239975457571327
2.15	0.04497522506841489
2.16	0.0470169615763773
2.17	0.04971720809938113
2.18	0.051512829585687314
2.19	0.05427336802320576
2.2	0.05621523339943474
2.21	0.05887212355996824
2.22	0.06080566057901948
2.23	0.06324593403617473
2.24	0.06515697396034126
2.25	0.06770336174395097
2.2600000000000007	0.06953630565899066
2.27	0.0719174460754709
2.2800000000000002	0.07409707469068427
2.29	0.07598733047285294
2.3000000000000003	0.0779870060338379
2.31	0.08045839525040643
2.3200000000000003	0.08256208659846337
2.33	0.08420810828757086
2.3400000000000003	0.08655409692792182
2.35	0.08810417957052219
2.3600000000000003	0.09049802853482508
2.37	0.09247925510180871
2.38	0.09437284766245041
2.39	0.09616282395480813
2.4	0.09771366093749634
2.41	0.09910923178533826
2.42	0.10071937224276029
2.43	0.10282899735842138
2.44	0.10374103131680273
2.45	0.10508936667030894
2.46	0.10643667801440859
2.47	0.10762868064127906
2.48	0.109287205949608
2.49	0.11056298438422696
2.5	0.11181609219427174
2.5100000000000007	0.11252656528940025
2.52	0.11339963269876357
2.5300000000000002	0.11422148093042367
2.54	0.11541309850276044
2.5500000000000003	0.11603278599317257
2.56	0.11678796055805457
2.5700000000000003	0.11729287056326121
2.58	0.11764873330818565
2.5900000000000003	0.11795491561458421
2.6	0.11837189492725009
2.6100000000000003	0.11894927541586531
2.62	0.11871970824882883
2.6300000000000003	0.11877577797142352
2.64	0.11895905275940277
2.65	0.1188403983577146
2.66	0.11838276911801476
2.67	0.11901025563813816
2.68	0.11815441003798827
2.69	0.11845540387649534
2.7	0.11722636484451893
2.71	0.11660406773568027
2.72	0.1158278990843854
2.73	0.11583580645171432
2.74	0.11518460921856138
2.75	0.11454824137653774
2.7600000000000007	0.11319452966267263
2.77	0.11259536239384677
2.7800000000000002	0.1110632212279698
2.79	0.11050243491796102
2.8000000000000003	0.10868785395438224
2.81	0.10814859810082589
2.8200000000000003	0.10680579754659042
2.83	0.10550097535682551
2.8400000000000003	0.10404452428531613
2.85	0.10239259707837822
2.8600000000000003	0.100305486506713
2.87	0.09865254382373012
2.8800000000000003	0.09714186806031566
2.89	0.09567591320127494
2.9000000000000004	0.09334041056762576
2.91	0.09132578176579892
2.92	0.08940130992838818
2.93	0.08737989387691364
2.94	0.08606962362065096
2.95	0.08352715636702479
2.96	0.0821417211735277
2.97	0.08023487737947277
2.98	0.07804880840246703
2.99	0.07579694209421234
3.0	0.07338338714199016
3.0100000000000007	0.07161637424646472
3.02	0.06949496788165788
3.0300000000000002	0.06671392660784353
3.04	0.06507190513335664
3.0500000000000003	0.06245080277798598
3.06	0.060850424925608715
3.0700000000000003	0.0585414063505732
3.08	0.055648342127085526
3.0900000000000003	0.05377256329659669
3.1	0.051125748356386724
3.1100000000000003	0.04941909503553793
3.12	0.04680577345238812
3.1300000000000003	0.04508014808636196
3.14	0.042981254155320614
3.1500000000000004	0.040251705713415714
3.16	0.0386497919947244
3.1700000000000004	0.03665267712583986
3.18	0.034504164479024185
3.19	0.03204274429201545
3.2	0.03008564011316925
3.21	0.0281512109896474
3.22	0.02626520175586336
3.23	0.024507128033989828
3.24	0.0225927129313791
3.25	0.021147444233989704
3.2600000000000007	0.018880256452365407
3.27	0.017130437673567728
3.2800000000000002	0.01605199278891925
3.29	0.013991720239802719
3.3000000000000003	0.012912787953840238
3.31	0.01149004887752969
3.3200000000000003	0.009957778412938073
3.33	0.008001562037706328
3.3400000000000003	0.0065875952227613666
3.35	0.005238358046084551
3.3600000000000003	0.0040745790421462535
3.37	0.0028076193274733374
3.3800000000000003	0.001719169555939759
3.39	9.835101529291623E-4
3.4000000000000004	1.442997487692277E-4
3.41	-8.041195325670936E-4
3.4200000000000004	-0.0017148596990788911
3.43	-0.002155111873043236
3.44	-0.0029468123279530467
3.45	-0.0037438975327556134
3.46	-0.004148804420230412
3.47	-0.004272317091413597
3.48	-0.004917282194720041
3.49	-0.004745578518763172
3.5	-0.004934971765581581
3.5100000000000007	-0.005132744547687446
3.52	-0.00528946876505515
3.5300000000000002	-0.00499543349754486
3.54	-0.004799603382824369
3.5500000000000003	-0.004853269763897772
3.56	-0.004189209043910069
3.5700000000000003	-0.003650425936688073
3.58	-0.003575047532945852
3.5900000000000003	-0.0030482800466389293
3.6	-0.0021821245316453186
3.6100000000000003	-0.0014215518475044764
3.62	-0.0011428949481464279
3.6300000000000003	-3.57752951855389E-4
3.64	7.552086302490824E-4
3.6500000000000004	0.0014881947239079596
3.66	0.0025768001475246494
3.6700000000000004	0.0034621517468005625
3.68	0.00494700128453282
3.6900000000000004	0.006342566406521699
3.7	0.0070758016522653455
3.71	0.009017625491076264
3.72	0.00986268450457306
3.73	0.011213787457531627
3.74	0.012824837433665581
3.75	0.01487988315356173
3.7600000000000007	0.016132478140164275
3.77	0.01747484372265723
3.7800000000000002	0.019629889832947972
3.79	0.020959953369143747
3.8000000000000003	0.02316676176138735
3.81	0.025115617327327977
3.8200000000000003	0.027148842664577455
3.83	0.02916369281633599
3.8400000000000003	0.030543746481022344
3.85	0.03290641382723011
3.8600000000000003	0.03433857692124115
3.87	0.036247057047496506
3.8800000000000003	0.03819284008514229
3.89	0.04017065697448671
3.9000000000000004	0.042062736410587054
3.91	0.044050319179933295
3.9200000000000004	0.04607421029308739
3.93	0.04841327852167332
3.9400000000000004	0.05073844653404974
3.95	0.05287220560504918
3.9600000000000004	0.05468371389527166
3.97	0.05695722091694172
3.98	0.05914467291465492
3.99	0.06121264556823952
4.0	0.06300897350109819
4.01	0.06497919288105325
4.0200000000000005	0.06698507097256268
4.03	0.0690856994046094
4.04	0.07115830360466258
4.05	0.07318189328700947
4.0600000000000005	0.07526508528609493
4.07	0.07699320606110133
4.08	0.07880820808579997
4.09	0.0806715480510527
4.1000000000000005	0.08235612896105238
4.11	0.08453100535263813
4.12	0.08619606008652314
4.13	0.08770065982780428
4.140000000000001	0.08972963987743954
4.15	0.09106564292257097
4.16	0.09296909303902101
4.17	0.09416023512670108
4.180000000000001	0.09594890111990839
4.19	0.09740173802118773
4.2	0.09875740008667167
4.21	0.09978417217780505
4.220000000000001	0.1013367974463093
4.23	0.10264702345006677
4.24	0.10362545267772705
4.25	0.10428552233040844
4.26	0.1053150650141666
4.270000000000001	0.10667584631094279
4.28	0.10694376523730259
4.29	0.10754125232910522
4.3	0.10814617898474627
4.3100000000000005	0.10927839171796772
4.32	0.10984285596383264
4.33	0.1105341008023471
4.34	0.11073828352235521
4.3500000000000005	0.11069474886716651
4.36	0.11097883705586548
4.37	0.11110988419704215
4.38	0.11181248811468286
4.390000000000001	0.11194400406840749
4.4	0.11191045767885954
4.41	0.11190741795626086
4.42	0.11180782512893445
4.430000000000001	0.111328528441269
4.44	0.11079830244343891
4.45	0.11016235469965036
4.46	0.1097283417031289
4.470000000000001	0.10960041775749096
4.48	0.10899165085307067
4.49	0.1083245603506281
4.5	0.10732847143033497
4.51	0.10621524573648189
4.520000000000001	0.10590907572167074
4.53	0.10487944553137907
4.54	0.10422316879094562
4.55	0.1025788243713815
4.5600000000000005	0.10200870106886895
4.57	0.10033609554526707
4.58	0.09905081043919955
4.59	0.09840043720581709
4.6000000000000005	0.09639067240266286
4.61	0.09576220828016335
4.62	0.09440675375045682
4.63	0.09302537961641916
4.640000000000001	0.09134086015887904
4.65	0.0893074568942443
4.66	0.08807794169040928
4.67	0.08599960985810295
4.680000000000001	0.08457767252513054
4.69	0.0833194897042352
4.7	0.08111835363888453
4.71	0.07931666281964134
4.720000000000001	0.07811385928915154
4.73	0.07577899725865295
4.74	0.07381670830275805
4.75	0.07185948966380795
4.76	0.07002298613470798
4.770000000000001	0.06800775025497607
4.78	0.06607037025308099
4.79	0.06410813832629175
4.8	0.06227554504744254
4.8100000000000005	0.06032175301122861
4.82	0.05831202608022834
4.83	0.05637924137340644
4.84	0.0544215834249564
4.8500000000000005	0.05247340332798717
4.86	0.05062192106976354
4.87	0.048742983105327875
4.88	0.0469150581691547
4.890000000000001	0.045510978859739426
4.9	0.04383950336290687
4.91	0.0416306051238326
4.92	0.0399428034808853
4.930000000000001	0.038529358226995436
4.94	0.03651035177114234
4.95	0.034967763596425755
4.96	0.03350220408768989
4.970000000000001	0.031813724582442776
4.98	0.02993504363075497
4.99	0.02861806547051296
5.0	0.026814072814530826
5.010000000000001	0.02555776254429737
5.020000000000001	0.02443482016285367
5.03	0.02264989018209851
5.04	0.021685668907578948
5.05	0.020097507543210158
5.0600000000000005	0.01931196646293562
5.07	0.01751834230420382
5.08	0.01633454033168455
5.09	0.015331144800264762
5.1000000000000005	0.01483242017874492
5.11	0.013506057143090416
5.12	0.012269813114042183
5.13	0.012108769962695054
5.140000000000001	0.011238239197626593
5.15	0.010159007141638532
5.16	0.00949143873347455
5.17	0.009032720671482253
5.180000000000001	0.008734977042362146
5.19	0.007904145089282971
5.2	0.007412373107515274
5.21	0.007095088858779103
5.220000000000001	0.006647654374021483
5.23	0.006735389247714135
5.24	0.006159657188560791
5.25	0.006121624048290308
5.260000000000001	0.006049347010410988
5.270000000000001	0.005991970296857274
5.28	0.006066927198186189
5.29	0.00610680366618907
5.3	0.006387789716740089
5.3100000000000005	0.006832345293171949
5.32	0.007265838981419026
5.33	0.007314517700212186
5.34	0.00808347670901316
5.3500000000000005	0.008837525713039002
5.36	0.009558565176035233
5.37	0.009736395786339058
5.38	0.010363659707849443
5.390000000000001	0.0109858850122668
5.4	0.01194022251476598
5.41	0.012963830408361465
5.42	0.01359586437796273
5.430000000000001	0.014843513890657578
5.44	0.015581117312796683
5.45	0.017325923401173893
5.46	0.018533856444835184
5.470000000000001	0.019780108709297806
5.48	0.021106793019456005
5.49	0.022391860282109183
5.5	0.023426914240241598
5.510000000000001	0.02516619939807649
5.520000000000001	0.026054090279119896
5.53	0.027319048072219493
5.54	0.028691759142117135
5.55	0.030249414870372665
5.5600000000000005	0.03222586985916878
5.57	0.03327259254206616
5.58	0.03508128822098741
5.59	0.036261982662800146
5.6000000000000005	0.03789393052763554
5.61	0.04010648006076073
5.62	0.04181267068646377
5.63	0.042857392387346094
5.640000000000001	0.044921534378703
5.65	0.04610490288507246
5.66	0.048155545268874334
5.67	0.049322846869608084
5.680000000000001	0.05149140368570165
5.69	0.05289891825550247
5.7	0.054419231943016955
5.71	0.05637830718401393
5.720000000000001	0.05761349376614888
5.73	0.05970856089316312
5.74	0.060875548747491404
5.75	0.06290119850936798
5.760000000000001	0.0642249091555796
5.770000000000001	0.06579173166838753
5.78	0.06788349538030786
5.79	0.06895871845251339
5.800000000000001	0.07100918745413404
5.8100000000000005	0.07194955871395625
5.82	0.0733829063328505
5.83	0.07484365685695632
5.84	0.07671166006864244
5.8500000000000005	0.0782212988336522
5.86	0.07897005649168642
5.87	0.08082935221040899
5.88	0.08168207134167715
5.890000000000001	0.08331674538207062
5.9	0.08452915261955396
5.91	0.0856735046789125
5.92	0.08627621185824258
5.930000000000001	0.08782009170750965
5.94	0.08844289770436958
5.95	0.08992613169496455
5.96	0.09007854242049029
5.970000000000001	0.09098834053608484
5.98	0.09227162140441991
5.99	0.09314124128381807
6.0	0.09335888266478848
6.010000000000001	0.0943572621289277
6.020000000000001	0.095071477881219
6.03	0.09552724442935095
6.04	0.09593046574232317
6.050000000000001	0.09582405325705123
6.0600000000000005	0.0964969965541993
6.07	0.09704764586347742
6.08	0.09669164437517719
6.09	0.0969257481866751
6.1000000000000005	0.09721638954064021
6.11	0.09721699072224282
6.12	0.09705432029767402
6.13	0.09709595430114626
6.140000000000001	0.09661993564180366
6.15	0.09676185830481437
6.16	0.09649425291713692
6.17	0.09587390074415109
6.180000000000001	0.09545810048635012
6.19	0.09547471265642993
6.2	0.09463986512974149
6.21	0.0939527616598459
6.220000000000001	0.09344768759903843
6.23	0.09278862925333753
6.24	0.09215842952449754
6.25	0.09162182196763424
6.260000000000001	0.09096500271081703
6.270000000000001	0.0901272151738684
6.28	0.08914316411257206
6.29	0.08813572816381643
6.300000000000001	0.08728002246863237
6.3100000000000005	0.08653842305177062
6.32	0.08553464322523019
6.33	0.08458991028194252
6.340000000000001	0.08315550710973213
6.3500000000000005	0.08244397467920045
6.36	0.08128480882453659
6.37	0.07971449442570933
6.38	0.07839328317293537
6.390000000000001	0.07708107409037296
6.4	0.07633674271006402
6.41	0.074510389320816
6.42	0.07316948917910054
6.430000000000001	0.07245690660052467
6.44	0.07118685346882997
6.45	0.0692286581214907
6.46	0.06851302887313265
6.470000000000001	0.06724650296346202
6.48	0.06580886496668997
6.49	0.06451252975301647
6.5	0.06321196659105593
6.510000000000001	0.061848138414658305
6.520000000000001	0.06052678803182521
6.53	0.05926728480908472
6.54	0.057966465788438115
6.550000000000001	0.056514669653968674
6.5600000000000005	0.05485039214767273
6.57	0.05321454594301128
6.58	0.05231891241007297
6.590000000000001	0.05096201086126689
6.6000000000000005	0.049583308419908156
6.61	0.048304460303215946
6.62	0.04674974209547872
6.63	0.0456892433139226
6.640000000000001	0.04411023267811803
6.65	0.04312353862956414
6.66	0.04160727521133123
6.67	0.04032871944027505
6.680000000000001	0.038945365050519015
6.69	0.03766635869815929
6.7	0.036507888198183985
6.71	0.03541815442963023
6.720000000000001	0.034687337258342665
6.73	0.03335476847133623
6.74	0.032917580246523026
6.75	0.03171741964002206
6.760000000000001	0.03043655076530491
6.770000000000001	0.030068279582385116
6.78	0.02873613234344244
6.79	0.02829713029229977
6.800000000000001	0.027737717883655533
6.8100000000000005	0.026894509956082724
6.82	0.026331775495073123
6.83	0.02552806766356544
6.840000000000001	0.02477895385668405
6.8500000000000005	0.024078947383103066
6.86	0.02347165121768835
6.87	0.022939848133471052
6.88	0.022747325060921197
6.890000000000001	0.022182415829780838
6.9	0.02213510149521175
6.91	0.021646788025092678
6.92	0.021711971563684457
6.930000000000001	0.021562141249866135
6.94	0.021525058088204374
6.95	0.021266312458921438
6.96	0.021361777283416733
6.970000000000001	0.021391832734865363
6.98	0.02161102867758319
6.99	0.02178523814440761
7.0	0.0216962300380798
7.010000000000001	0.022457088030408523
7.020000000000001	0.022321910548342844
7.03	0.023120865995036044
7.04	0.023445025832004557
7.050000000000001	0.02349376901762168
7.0600000000000005	0.02425439522294856
7.07	0.02507069300821982
7.08	0.02559702648632395
7.090000000000001	0.026437385623339443
7.1000000000000005	0.027163609986594534
7.11	0.02719173504352221
7.12	0.02775826043864682
7.130000000000001	0.028456625439816252
7.140000000000001	0.02930549456525644
7.15	0.03024719309956253
7.16	0.031687858941271435
7.17	0.03206762028482027
7.180000000000001	0.033659230657201694
7.19	0.034341413478196525
7.2	0.03514071736556376
7.21	0.03620397349028745
7.220000000000001	0.037065083696454476
7.23	0.03840744768510487
7.24	0.03931671764559469
7.25	0.04019950237163433
7.260000000000001	0.04189426487714237
7.270000000000001	0.04305988139075745
7.28	0.044329599298315814
7.29	0.045557254653578017
7.300000000000001	0.04650842974599889
7.3100000000000005	0.04734629569154186
7.32	0.04865794830034209
7.33	0.05033486211126997
7.340000000000001	0.05168959440764631
7.3500000000000005	0.05300036110497186
7.36	0.054290757365725195
7.37	0.05553132287121154
7.380000000000001	0.0568320866381683
7.390000000000001	0.05816092268019235
7.4	0.05941682269607118
7.41	0.06064902978178616
7.42	0.06194620203613371
7.430000000000001	0.06305087568606749
7.44	0.06391370529263268
7.45	0.06483380892995572
7.46	0.06642239800622984
7.470000000000001	0.0674841518935883
7.48	0.06809456168465483
7.49	0.06965965682443143
7.5	0.07055178951534913
7.510000000000001	0.07121656204133053
7.520000000000001	0.07212078687245427
7.53	0.07354683141270418
7.54	0.07409459694204595
7.550000000000001	0.0755241945529031
7.5600000000000005	0.07590897907999533
7.57	0.07658698189254554
7.58	0.07734396228947443
7.590000000000001	0.07856199802762076
7.6000000000000005	0.07942948408743922
7.61	0.08018539079168407
7.62	0.08026533931676977
7.630000000000001	0.08144656299359099
7.640000000000001	0.08205772502407949
7.65	0.08260551174022696
7.66	0.08303885173483583
7.67	0.08296910334059038
7.680000000000001	0.083681488966237
7.69	0.08356379759217825
7.7	0.08387964064847248
7.71	0.08469331385752166
7.720000000000001	0.08424612952476862
7.73	0.08432581065873268
7.74	0.08426805354999212
7.75	0.08427643565352982
7.760000000000001	0.08419687012471211
7.770000000000001	0.08484474053935087
7.78	0.08413252813458422
7.79	0.08474925096032665
7.800000000000001	0.08441913730251982
7.8100000000000005	0.08372898819161767
7.82	0.08400478557943208
7.83	0.08332987188116564
7.840000000000001	0.08351454929769075
7.8500000000000005	0.08286566766186843
7.86	0.08282787451261936
7.87	0.0815634708221778
7.880000000000001	0.08101972021552872
7.890000000000001	0.08040181183637546
7.9	0.07967795242755554
7.91	0.07900350206574186
7.920000000000001	0.07843847941746951
7.930000000000001	0.07823874990025353
7.94	0.07763142144767554
7.95	0.07695283034139261
7.96	0.07630062049921305
7.970000000000001	0.07552179416705529
7.98	0.07455437746087373
7.99	0.07310687743433997
8.0	0.07279773770418002
8.01	0.07144119264475968
8.02	0.0709681292453267
8.030000000000001	0.06967574886310873
8.040000000000001	0.06908075597465807
8.05	0.06779325438625222
8.06	0.067268941889634
8.07	0.06560294988965831
8.08	0.06453027630946351
8.09	0.0641170748718437
8.1	0.06214863142953686
8.110000000000001	0.061172421762246354
8.120000000000001	0.06064476156708093
8.13	0.058866729403759754
8.14	0.0577745755888418
8.15	0.05678755762517018
8.16	0.0561058144653494
8.17	0.05446485121290878
8.18	0.053331781494177
8.190000000000001	0.052230981214295535
8.200000000000001	0.051760082410027
8.21	0.05000936287963964
8.22	0.04907723180954593
8.23	0.048380707306338866
8.24	0.04705599412267708
8.25	0.046447736795819705
8.26	0.04520383538096229
8.27	0.04450886384776631
8.280000000000001	0.04335981900635555
8.290000000000003	0.042118921627591066
8.3	0.041199338520009676
8.31	0.040053103679571656
8.32	0.03967302459406136
8.33	0.03817579356229267
8.34	0.0381173860118314
8.35	0.037303273661628444
8.360000000000001	0.03652783118915043
8.370000000000001	0.03530100855559293
8.38	0.03445819386405102
8.39	0.03377160424490486
8.4	0.03337017563539646
8.41	0.032533450561844424
8.42	0.031910713074463665
8.43	0.031226257294864557
8.440000000000001	0.030560052551326516
8.450000000000001	0.03002799057423422
8.46	0.030017023552834615
8.47	0.029653455920250205
8.48	0.029346065161943102
8.49	0.028493456888687596
8.5	0.028595438396827377
8.51	0.027905347655803936
8.52	0.028272668952704583
8.530000000000001	0.028234031626854006
8.540000000000003	0.028326258657357856
8.55	0.028357914169815396
8.56	0.02837306303810533
8.57	0.027727408081259786
8.58	0.02773593300001903
8.59	0.027732623711621884
8.6	0.027866337391450974
8.610000000000001	0.028150635276228908
8.620000000000001	0.02907584196775942
8.63	0.028783222319077872
8.64	0.02961342823750701
8.65	0.029917017333629975
8.66	0.029775656010826518
8.67	0.03093486635489745
8.68	0.031461620149077774
8.690000000000001	0.03180918228924057
8.700000000000001	0.032045879769342644
8.71	0.03270034772398325
8.72	0.03315482505363279
8.73	0.033867217674252464
8.74	0.03432086302134563
8.75	0.03496570749073072
