mass_A
t	y
0.0	-0.004320427941035154
0.01	-0.0027988681785944547
0.02	-0.0013216068027187833
0.030000000000000002	-3.714913072544179E-4
0.04	3.6940535759119597E-4
0.05	7.43444821020095E-4
0.060000000000000005	7.763784617950825E-4
0.07	5.845180634567321E-4
0.08	-2.472007102570506E-4
0.09000000000000001	-8.167238344972683E-4
0.1	-0.001997397718874777
0.11	-0.0036826240459356674
0.12000000000000001	-0.0055759046072431095
0.13	-0.00773136368432506
0.14	-0.010160544539121491
0.15	-0.012815502420456981
0.16	-0.015693262792037532
0.17	-0.01869143859317285
0.18000000000000002	-0.0218558392965455
0.19	-0.025112215753319206
0.2	-0.028510171114174865
0.21000000000000002	-0.0319634133616217
0.22	-0.03548090314607391
0.23	-0.03886898325536023
0.24000000000000002	-0.042229711019631966
0.25	-0.04551624611801913
0.26	-0.04861439110115945
0.27	-0.05162658073100054
0.28	-0.05435597785652255
0.29000000000000004	-0.05699179778147426
0.3	-0.05930508994386208
0.31	-0.061351553518290414
0.32	-0.06319985752509369
0.33	-0.06476215550610401
0.34	-0.06597734823546633
0.35000000000000003	-0.06685666893383327
0.36000000000000004	-0.06741156085975447
0.37	-0.06760714729259798
0.38	-0.06751286836247375
0.39	-0.06694305400079029
0.4	-0.06635410269858893
0.41000000000000003	-0.0652832075790302
0.42000000000000004	-0.06367718382014428
0.43	-0.06198396169628492
0.44	-0.06004864798881668
0.45	-0.05780244562029546
0.46	-0.055311175342722174
0.4700000000000001	-0.05257197745835712
0.48000000000000004	-0.049638062390034016
0.49000000000000005	-0.046634381927872226
0.5	-0.04348354060939805
0.51	-0.040235284139059246
0.52	-0.03694032087940688
0.53	-0.033648325237589566
0.54	-0.030279438354687077
0.55	-0.026919034863385344
0.56	-0.02371386916388149
0.5700000000000001	-0.02061372719883167
0.5800000000000001	-0.017529741988558778
0.5900000000000001	-0.014693444416201296
0.6	-0.011955309889138066
0.61	-0.009386824096249746
0.62	-0.007083818543349107
0.63	-0.005055911071322083
0.64	-0.0033435118302701516
0.65	-0.0018969691110996
0.66	-7.646010244764523E-4
0.67	7.839308493259867E-5
0.68	5.929355990736823E-4
0.6900000000000002	7.898799806929924E-4
0.7000000000000001	7.593027343959641E-4
0.7100000000000001	3.4334286287762694E-4
0.7200000000000001	-7.783096000091305E-4
0.73	-0.001929490196564021
0.74	-0.003335109658563512
0.75	-0.005004121681640605
0.76	-0.00694493090207543
0.77	-0.009207335603034855
0.78	-0.011676466014855308
0.79	-0.014459227351314108
0.8	-0.017388222977908874
0.81	-0.020425000895617412
0.8200000000000001	-0.02362779978486043
0.8300000000000001	-0.026879683752581374
0.8400000000000001	-0.03024046420698795
0.8500000000000001	-0.03360878348697455
0.86	-0.03696307556340578
0.87	-0.04036609227114135
0.88	-0.04362055901498452
0.89	-0.046847607462404156
0.9	-0.050034655369236625
0.91	-0.052906970763875044
0.92	-0.05561981054035195
0.93	-0.058129972489333215
0.9400000000000002	-0.06035464220635259
0.9500000000000001	-0.06232871287455444
0.9600000000000001	-0.0640773004417354
0.9700000000000001	-0.06541515618118526
0.9800000000000001	-0.06649963234900896
0.9900000000000001	-0.0672836733904181
1.0	-0.06769499308680837
1.01	-0.06776269623121928
1.02	-0.06758092912402439
1.03	-0.06704194779127975
1.04	-0.06610030263063321
1.05	-0.06472483301250137
1.06	-0.0630988940989057
1.07	-0.06136204385640562
1.08	-0.05921383420518714
1.09	-0.05687458987543126
1.1	-0.054297507645035575
1.11	-0.05154505589760908
1.12	-0.04861984999649177
1.1300000000000003	-0.045485297094575466
1.1400000000000001	-0.04226515572700182
1.1500000000000001	-0.038973497956990455
1.1600000000000001	-0.035630695092493087
1.1700000000000002	-0.0322337102997064
1.1800000000000002	-0.02895608464121935
1.19	-0.025566291448353318
1.2	-0.022330482082328323
1.21	-0.019320617964380143
1.22	-0.016199700373966258
1.23	-0.013447778861137183
1.24	-0.010798750911113375
1.25	-0.00836685214066199
1.26	-0.006228257778412127
1.27	-0.004421013552623171
1.28	-0.002806720703599802
1.29	-0.0015756493461226428
1.3	-5.9878878717326E-4
1.31	7.558744341223944E-5
1.32	4.197544670128117E-4
1.33	4.732902868004041E-4
1.34	2.562457525406153E-4
1.35	-2.558339539566745E-4
1.36	-0.0011760200787772346
1.37	-0.0026652879428316067
1.3800000000000003	-0.004234080268576801
1.3900000000000001	-0.0060701759328940785
1.4000000000000001	-0.008204848886409932
1.4100000000000001	-0.010527727217790245
1.4200000000000002	-0.013118821399340841
1.4300000000000002	-0.015945822155593786
1.4400000000000002	-0.018941903635846413
1.4500000000000002	-0.022115792800148804
1.46	-0.025381721752198327
1.47	-0.02877917041788458
1.48	-0.03213793031761292
1.49	-0.03553382478152131
1.5	-0.038896272367281715
1.51	-0.04217724844957929
1.52	-0.04534887868975365
1.53	-0.04847107121108274
1.54	-0.051379000931256164
1.55	-0.054093172605677003
1.56	-0.056616198232495446
1.57	-0.05890147398013726
1.58	-0.06095578308663879
1.59	-0.06270656710818298
1.6	-0.06418097735592984
1.61	-0.06534261784309117
1.62	-0.06620313069526298
1.6300000000000003	-0.06674833385129403
1.6400000000000001	-0.06696768122763821
1.6500000000000001	-0.0669501590714168
1.6600000000000001	-0.06649500440480038
1.6700000000000002	-0.06585452879076287
1.6800000000000002	-0.06450076130283572
1.6900000000000002	-0.06307682274099585
1.7000000000000002	-0.06142487185553777
1.7100000000000002	-0.059393620275837916
1.72	-0.05717054132121732
1.73	-0.05473250646178748
1.74	-0.052111817004927785
1.75	-0.04925506753543207
1.76	-0.046294746739360765
1.77	-0.04315571580146835
1.78	-0.03992586316313523
1.79	-0.03664849915345811
1.8	-0.03333068251231894
1.81	-0.029980365495244243
1.82	-0.026669003348575165
1.83	-0.023510225654027966
1.84	-0.020542175797010148
1.85	-0.017529844831655927
1.86	-0.014767507871142421
1.87	-0.012058512172726299
1.8800000000000003	-0.009506446215946568
1.8900000000000001	-0.007306237816380928
1.9000000000000001	-0.005263294031130655
1.9100000000000001	-0.0035177856901787707
1.9200000000000002	-0.002047977216204644
1.9300000000000002	-9.119045027039252E-4
1.9400000000000002	-1.4220645113321995E-4
1.9500000000000002	3.0954583915140943E-4
1.9600000000000002	4.767090194779944E-4
1.9700000000000002	1.948193304004836E-4
1.9800000000000002	-4.5537593437683377E-4
1.99	-0.0013233447818710997
2.0	-0.002578944645516529
2.0100000000000002	-0.0038651799978727253
2.02	-0.005678820196351353
2.0300000000000002	-0.00775586304789766
2.04	-0.01010373672272652
2.0500000000000003	-0.012589498752400091
2.06	-0.015378595219402047
2.0700000000000003	-0.018305597896857734
2.08	-0.021345416014201368
2.0900000000000003	-0.024531737280587412
2.1	-0.027871943936547627
2.1100000000000003	-0.03124237472043148
2.12	-0.034619954380106455
2.13	-0.038035068862500604
2.14	-0.041328552247059086
2.15	-0.044629347016805515
2.16	-0.047738460594848875
2.17	-0.050804259390612255
2.18	-0.05356370246357922
2.19	-0.056228680666433356
2.2	-0.05868491605712492
2.21	-0.060832994257908724
2.22	-0.06273955668458514
2.23	-0.06436718325398594
2.24	-0.06563188680520121
2.25	-0.0665521177435508
2.2600000000000007	-0.06713489444307189
2.27	-0.06738542845224921
2.2800000000000002	-0.06728634900471298
2.29	-0.06685983407181828
2.3000000000000003	-0.0661362424799821
2.31	-0.06536186479988076
2.3200000000000003	-0.06386515495160763
2.33	-0.062283095872915806
2.3400000000000003	-0.0603713050984859
2.35	-0.05820445907552957
2.3600000000000003	-0.05579480233998885
2.37	-0.05315228363088709
2.38	-0.050392605286692566
2.39	-0.04745525402236772
2.4	-0.04435609698072013
2.41	-0.04115185921417422
2.42	-0.03789586675183851
2.43	-0.03457454544589106
2.44	-0.03127081905807927
2.45	-0.02788886788019454
2.46	-0.024571216530144407
2.47	-0.021395653196676495
2.48	-0.018299077141156722
2.49	-0.0154499812525761
2.5	-0.01261053951753377
2.5100000000000007	-0.010140771340633348
2.52	-0.00789411901623846
2.5300000000000002	-0.005845815114588454
2.54	-0.004024750877201805
2.5500000000000003	-0.0025130002524978157
2.56	-0.0013215210712905212
2.5700000000000003	-4.590814506705565E-4
2.58	1.0248050666827879E-4
2.5900000000000003	3.417607568375891E-4
2.6	2.713109935168073E-4
2.6100000000000003	-1.8963060425392086E-4
2.62	-6.546207228016743E-4
2.6300000000000003	-0.0019227607268076097
2.64	-0.002984101605671058
2.65	-0.004619923022415151
2.66	-0.006517476511153225
2.67	-0.008700161598170914
2.68	-0.011104579538812831
2.69	-0.013743538200658045
2.7	-0.016597049815309933
2.71	-0.019582324530021983
2.72	-0.022734267388035384
2.73	-0.02599079957735667
2.74	-0.02936647569155254
2.75	-0.03270045624226042
2.7600000000000007	-0.036102524416814996
2.77	-0.039465215628050665
2.7800000000000002	-0.04276303977937981
2.79	-0.045989573146373613
2.8000000000000003	-0.049154632718227204
2.81	-0.05205882877076337
2.8200000000000003	-0.05482225506882796
2.83	-0.05731202904147517
2.8400000000000003	-0.05963609877969436
2.85	-0.06160878333110373
2.8600000000000003	-0.06333395590273388
2.87	-0.06476779557780585
2.8800000000000003	-0.06593549504813234
2.89	-0.06678365929330285
2.9000000000000004	-0.06730219528881556
2.91	-0.06747309771702434
2.92	-0.06719457989251382
2.93	-0.06658395529009761
2.94	-0.06563483658871594
2.95	-0.06471867588751926
2.96	-0.06307032272317406
2.97	-0.06137809502402586
2.98	-0.05933186399783599
2.99	-0.05706006129376237
3.0	-0.054539357025269325
3.0100000000000007	-0.051839257421268936
3.02	-0.04893992381594481
3.0300000000000002	-0.045865478960777084
3.04	-0.04268450938133159
3.0500000000000003	-0.039442724023589726
3.06	-0.03612840618697716
3.0700000000000003	-0.03279532449475153
3.08	-0.029599679963664027
3.0900000000000003	-0.026362912381542702
3.1	-0.023166480119189065
3.1100000000000003	-0.020001715053913655
3.12	-0.01697222068726506
3.1300000000000003	-0.014100950966134812
3.14	-0.011515599862114367
3.1500000000000004	-0.00921334714766861
3.16	-0.006953134580115761
3.1700000000000004	-0.005045741451808944
3.18	-0.0033377187181993784
3.19	-0.001981067924951063
3.2	-8.891068265612645E-4
3.21	-1.2488723504522348E-4
3.22	2.7919974456487584E-4
3.23	4.237789779438922E-4
3.24	2.2105125811157367E-4
3.25	-5.149318745173714E-4
3.2600000000000007	-0.0011374666093917074
3.27	-0.00227813134315219
3.2800000000000002	-0.003918663141968426
3.29	-0.005802701716070752
3.3000000000000003	-0.007866423833829544
3.31	-0.010150220353912248
3.3200000000000003	-0.01270319284352156
3.33	-0.015432726977330669
3.3400000000000003	-0.018356372485547834
3.35	-0.021469218559658138
3.3600000000000003	-0.02469911572662098
3.37	-0.027942021549443308
3.3800000000000003	-0.031242586915655512
3.39	-0.03457386700919449
3.4000000000000004	-0.03790334572783716
3.41	-0.04120097005207904
3.4200000000000004	-0.04438034581224154
3.43	-0.047421127289336534
3.44	-0.05040617911555775
3.45	-0.053223409031765534
3.46	-0.05586579407761874
3.47	-0.058257443616616444
3.48	-0.06038387950481039
3.49	-0.062189482332924845
3.5	-0.06366021140473074
3.5100000000000007	-0.06483517150799842
3.52	-0.06571191376865329
3.5300000000000002	-0.06629771597323911
3.54	-0.06656372739839128
3.5500000000000003	-0.0664974882750548
3.56	-0.0660196951730051
3.5700000000000003	-0.06539646948454744
3.58	-0.06445130379397757
3.5900000000000003	-0.06301542474056959
3.6	-0.06138400725729945
3.6100000000000003	-0.059451179963903894
3.62	-0.05734601998123945
3.6300000000000003	-0.055047144402405185
3.64	-0.05250780338409594
3.6500000000000004	-0.04979084119952423
3.66	-0.046865251773135
3.6700000000000004	-0.043781662035075525
3.68	-0.0405827703182744
3.6900000000000004	-0.03730434816368772
3.7	-0.0339947009220265
3.71	-0.030727836257618074
3.72	-0.02743397882023016
3.73	-0.024219865048270978
3.74	-0.021110737369815002
3.75	-0.018168449253601116
3.7600000000000007	-0.015263402070579635
3.77	-0.012500293009982483
3.7800000000000002	-0.010023226050552586
3.79	-0.0077190906747320875
3.8000000000000003	-0.00575980071523563
3.81	-0.004032810790675023
3.8200000000000003	-0.002592519954759981
3.83	-0.0014394439816364513
3.8400000000000003	-5.841473129363506E-4
3.85	-3.5625999197153035E-5
3.8600000000000003	1.8995186239383066E-4
3.87	1.0917753582895262E-4
3.8800000000000003	-4.774997937344039E-4
3.89	-0.0012879821860805607
3.9000000000000004	-0.002199872212924475
3.91	-0.003535761348708727
3.9200000000000004	-0.005306447870649211
3.93	-0.007229866216911185
3.9400000000000004	-0.00947178125434811
3.95	-0.01193500501612263
3.9600000000000004	-0.014591235340090242
3.97	-0.017469252814754282
3.98	-0.020473379574535683
3.99	-0.023631769074772963
4.0	-0.02688813540341156
4.01	-0.030258239007162596
4.0200000000000005	-0.03363193635379558
4.03	-0.037001225705478896
4.04	-0.04035502969508242
4.05	-0.0435775919774915
4.0600000000000005	-0.04669927923425743
4.07	-0.0497020827158792
4.08	-0.052492736091342446
4.09	-0.05515436241702992
4.1000000000000005	-0.05759252768062614
4.11	-0.059749848085236534
4.12	-0.061710728313848606
4.13	-0.06336148968202421
4.140000000000001	-0.06469993671752747
4.15	-0.06569591538227837
4.16	-0.06642921503582416
4.17	-0.06679421686670162
4.180000000000001	-0.06686016371621342
4.19	-0.06665935531424408
4.2	-0.06614387509946368
4.21	-0.06529920062279396
4.220000000000001	-0.06404595271146454
4.23	-0.062453229976733055
4.24	-0.06054553456362399
4.25	-0.05846847690553969
4.26	-0.05607575575873344
4.270000000000001	-0.05347241615513046
4.28	-0.05073273871059017
4.29	-0.047846775289674154
4.3	-0.04483220469905047
4.3100000000000005	-0.04170286833773715
4.32	-0.03847279237850304
4.33	-0.03520546794672136
4.34	-0.031906503161250654
4.3500000000000005	-0.028630574643269596
4.36	-0.025411312626391264
4.37	-0.022271133213072614
4.38	-0.019087352823597747
4.390000000000001	-0.016314070580909473
4.4	-0.013437668666961528
4.41	-0.010859842881673742
4.42	-0.008535424493487487
4.430000000000001	-0.00642867338043418
4.44	-0.004545005344381847
4.45	-0.002945168132272663
4.46	-0.001639212683861191
4.470000000000001	-7.075575428793501E-4
4.48	-3.560123506529678E-5
4.49	3.012488283297421E-4
4.5	3.2931559666933563E-4
4.51	7.625066254385304E-5
4.520000000000001	-6.978738667433038E-4
4.53	-0.0013957266665995949
4.54	-0.002584805850608607
4.55	-0.004242760036124477
4.5600000000000005	-0.006136550002036334
4.57	-0.008225046650374324
4.58	-0.010552465722709431
4.59	-0.013131859810599944
4.6000000000000005	-0.015953678034331953
4.61	-0.018907322374182245
4.62	-0.021953684229676335
4.63	-0.025133491553916032
4.640000000000001	-0.028373870783724525
4.65	-0.0317095732560482
4.66	-0.03509353090138859
4.67	-0.03842481152641558
4.680000000000001	-0.04175959698556225
4.69	-0.045005137465861766
4.7	-0.048023432579223674
4.71	-0.05102482193675728
4.720000000000001	-0.0538193261494789
4.73	-0.056418745171917334
4.74	-0.05872987892262757
4.75	-0.06085420230840527
4.76	-0.06268181909583617
4.770000000000001	-0.0642220677736402
4.78	-0.0654100776122453
4.79	-0.06626370094946524
4.8	-0.06681296495630346
4.8100000000000005	-0.06699049868039164
4.82	-0.06697833146096258
4.83	-0.06650468476144425
4.84	-0.06593137329836105
4.8500000000000005	-0.06445891888474842
4.86	-0.0631860188229588
4.87	-0.06165550164943659
4.88	-0.05963524910054904
4.890000000000001	-0.0574256449431971
4.9	-0.0550398512477292
4.91	-0.052414338402930666
4.92	-0.049561464966909496
4.930000000000001	-0.04659302055501932
4.94	-0.043477653096921254
4.95	-0.04026001079021732
4.96	-0.036998673308487856
4.970000000000001	-0.03371789874270978
4.98	-0.030423489598853437
4.99	-0.027111853037844774
5.0	-0.023845125541205325
5.010000000000001	-0.020779673190932157
5.020000000000001	-0.017627156649206915
5.03	-0.014904469470796655
5.04	-0.012198962236681848
5.05	-0.009694570144856834
5.0600000000000005	-0.007483221337221985
5.07	-0.005577663349358886
5.08	-0.003855315593741082
5.09	-0.002389609029656764
5.1000000000000005	-0.0012958518880799574
5.11	-4.941125704604477E-4
5.12	-2.3215285207794922E-5
5.13	1.6774262154443942E-4
5.140000000000001	-8.966986902361751E-5
5.15	-7.060355413613384E-4
5.16	-0.0016049811030731942
5.17	-0.002704532418170702
5.180000000000001	-0.0039249268386545855
5.19	-0.005648163948422907
5.2	-0.007663050116890946
5.21	-0.00983010183746047
5.220000000000001	-0.012271604559756705
5.23	-0.014918003706647448
5.24	-0.01777657701042845
5.25	-0.02076672309776978
5.260000000000001	-0.023918976336144065
5.270000000000001	-0.027146600816649463
5.28	-0.03040831563633592
5.29	-0.03373769929089376
5.3	-0.03705679218241237
5.3100000000000005	-0.0403283805925668
5.32	-0.043511289286320864
5.33	-0.0465829509566284
5.34	-0.04960709092484272
5.3500000000000005	-0.05238428747176138
5.36	-0.055013859078030164
5.37	-0.05741706254625606
5.38	-0.059558605325135766
5.390000000000001	-0.06143722210410904
5.4	-0.06303403165664045
5.41	-0.06436712119070245
5.42	-0.06537125168735813
5.430000000000001	-0.06601889603066655
5.44	-0.0663914759018511
5.45	-0.06644573210826923
5.46	-0.06622262282992694
5.470000000000001	-0.06544892164209354
5.48	-0.064733979501618
5.49	-0.06348537182062924
5.5	-0.061948213424218995
5.510000000000001	-0.06001801417712538
5.520000000000001	-0.05797050445789398
5.53	-0.05567979438570195
5.54	-0.05314215859563495
5.55	-0.050401792867931755
5.5600000000000005	-0.04752206041899601
5.57	-0.04452625440867322
5.58	-0.04137299214113374
5.59	-0.0381621649966748
5.6000000000000005	-0.03490884011885123
5.61	-0.031682848064887054
5.62	-0.02840500576620192
5.63	-0.025191250667053966
5.640000000000001	-0.02207282301209834
5.65	-0.01898841717063854
5.66	-0.016114611165828546
5.67	-0.013410479849752216
5.680000000000001	-0.010956132376837097
5.69	-0.008542164837851446
5.7	-0.006496537945905406
5.71	-0.004622241488787288
5.720000000000001	-0.0030977644628648326
5.73	-0.0019012813619165014
5.74	-0.001010619969396248
5.75	-3.9974402674636256E-4
5.760000000000001	-1.5242872972862087E-4
5.770000000000001	-1.2893906532920885E-4
5.78	-4.896857013453604E-4
5.79	-0.001353728009952787
5.800000000000001	-0.002131891485745885
5.8100000000000005	-0.0036847860343255934
5.82	-0.005238527077539579
5.83	-0.007127034042082203
5.84	-0.009307397186204297
5.8500000000000005	-0.011687145038440067
5.86	-0.014257315150769528
5.87	-0.01708717531376036
5.88	-0.020059103906625603
5.890000000000001	-0.023106636102076472
5.9	-0.026309530219187915
5.91	-0.02962694045068362
5.92	-0.032966647727855736
5.930000000000001	-0.03632182815178728
5.94	-0.039590181569936767
5.95	-0.042796946967538635
5.96	-0.04592354415222147
5.970000000000001	-0.048952094911959426
5.98	-0.05178202582292876
5.99	-0.054549366752581374
6.0	-0.05703439083813938
6.010000000000001	-0.059289094262200276
6.020000000000001	-0.061255422117
6.03	-0.06294741777564525
6.04	-0.06437537966110185
6.050000000000001	-0.06540701684080266
6.0600000000000005	-0.06617089419779143
6.07	-0.06658880502498885
6.08	-0.06666627038407852
6.09	-0.06655907725144539
6.1000000000000005	-0.0660821258883281
6.11	-0.06531003228250948
6.12	-0.06413255526243158
6.13	-0.062481850603699624
6.140000000000001	-0.0608056125492164
6.15	-0.05875726785205343
6.16	-0.05646926904746255
6.17	-0.05401310582025687
6.180000000000001	-0.051347755649815335
6.19	-0.048501697526273285
6.2	-0.045515694826925024
6.21	-0.04247021251082342
6.220000000000001	-0.039279965759633134
6.23	-0.03604523063069326
6.24	-0.03276001624480837
6.25	-0.029513496657992244
6.260000000000001	-0.026241048255528837
6.270000000000001	-0.023149310515074045
6.28	-0.01990887544788611
6.29	-0.017009200462630603
6.300000000000001	-0.014236350294564715
6.3100000000000005	-0.011702091506444051
6.32	-0.009262145881748507
6.33	-0.007078759722590117
6.340000000000001	-0.0051934443967275035
6.3500000000000005	-0.003576532600377491
6.36	-0.0022280391961889134
6.37	-0.0011960214659830493
6.38	-4.7664857013238193E-4
6.390000000000001	-1.1079389174076248E-4
6.4	-5.955348472183597E-5
6.41	-1.999424032382291E-4
6.42	-5.648981653976759E-4
6.430000000000001	-0.0016899946433842072
6.44	-0.002574851040655718
6.45	-0.0042608088739484185
6.46	-0.005928764310216411
6.470000000000001	-0.007992649949420172
6.48	-0.010359224087069768
6.49	-0.012822759214437873
6.5	-0.015511553529496902
6.510000000000001	-0.018385860221387468
6.520000000000001	-0.021465654368779064
6.53	-0.024660478631072402
6.54	-0.027921248043638325
6.550000000000001	-0.031228900914102464
6.5600000000000005	-0.03459530105105185
6.57	-0.03796261418330238
6.58	-0.041225767533828894
6.590000000000001	-0.04444386414353696
6.6000000000000005	-0.04752341448372799
6.61	-0.05050211380337161
6.62	-0.053234112311932036
6.63	-0.05583448819073844
6.640000000000001	-0.058166627034085455
6.65	-0.06024392307224047
6.66	-0.06211297329435547
6.67	-0.06367623476549852
6.680000000000001	-0.0649518190407884
6.69	-0.06591670446553435
6.7	-0.06653672192552651
6.71	-0.06683960006593062
6.720000000000001	-0.06681341512367622
6.73	-0.0663487654203535
6.74	-0.06586296286336918
6.75	-0.06479296461498801
6.760000000000001	-0.06332488848488374
6.770000000000001	-0.0618253162574072
6.78	-0.05992601928916763
6.79	-0.05774464531370607
6.800000000000001	-0.05535027859543337
6.8100000000000005	-0.05274987104764953
6.82	-0.049945504535434615
6.83	-0.04700152264780505
6.840000000000001	-0.043959316294638895
6.8500000000000005	-0.04079972091217754
6.86	-0.03757153596887433
6.87	-0.03429390541919072
6.88	-0.03103095425965327
6.890000000000001	-0.027788890461228538
6.9	-0.024623192396871024
6.91	-0.021411672187703984
6.92	-0.01836088332025171
6.930000000000001	-0.015544978874598991
6.94	-0.013018024101206865
6.95	-0.01047102995854926
6.96	-0.008267546117323638
6.970000000000001	-0.00620145146181772
6.98	-0.004428566971299064
6.99	-0.0029009424689537544
7.0	-0.001693959654772842
7.010000000000001	-7.983158969443183E-4
7.020000000000001	-2.389181645830185E-4
7.03	-2.9461854311602087E-5
7.04	-1.1768585514204677E-4
7.050000000000001	-4.970310522274812E-4
7.0600000000000005	-0.0014181817467498747
7.07	-0.0024579773574681107
