mass_A
t	y
0.0	-0.004135998438089289
0.009999999999999998	-0.004018071258239719
0.019999999999999997	-0.00325239302344571
0.03	-0.0034207662777550885
0.039999999999999994	-0.002701717591154007
0.049999999999999996	-0.0029666481083552576
0.06	-0.00307687276537727
0.06999999999999998	-0.0035837822414657994
0.07999999999999999	-0.004070764080112754
0.09	-0.0041097162118589325
0.09999999999999999	-0.004450699678060499
0.10999999999999999	-0.00548140086499288
0.12	-0.005675401899532501
0.12999999999999998	-0.007021134344883467
0.13999999999999996	-0.007797534924692401
0.14999999999999997	-0.008126197198296048
0.15999999999999998	-0.009730995667486725
0.16999999999999998	-0.01062979141750739
0.18	-0.011180489456655812
0.18999999999999997	-0.013052504627264594
0.19999999999999998	-0.014033563298538304
0.21	-0.014669119562445987
0.21999999999999997	-0.01568812447765916
0.22999999999999998	-0.01751036275584117
0.24	-0.018113332721318404
0.24999999999999997	-0.019298766582259735
0.25999999999999995	-0.020511030757193877
0.26999999999999996	-0.021717193096008974
0.2799999999999999	-0.023535623208916112
0.29	-0.024102844060469947
0.29999999999999993	-0.025317208903365362
0.30999999999999994	-0.027111760920158795
0.31999999999999995	-0.028305334477912503
0.32999999999999996	-0.029402648037113455
0.33999999999999997	-0.02994841000517129
0.35	-0.03140356884384385
0.36	-0.031864577746102296
0.36999999999999994	-0.032683135979349826
0.37999999999999995	-0.03340157556835843
0.38999999999999996	-0.034626406637523116
0.39999999999999997	-0.03525748380118213
0.41	-0.03554420585663387
0.42	-0.03610574045702161
0.42999999999999994	-0.03661373228798617
0.43999999999999995	-0.03667122584588334
0.44999999999999996	-0.03739961346566875
0.45999999999999996	-0.03709061533896982
0.47	-0.037141096204867274
0.48	-0.03711003803689508
0.49	-0.03738277756446043
0.49999999999999994	-0.036788097931754415
0.5099999999999999	-0.03649119321917452
0.5199999999999999	-0.03619391415152334
0.5299999999999999	-0.0355157682531837
0.5399999999999999	-0.03547471252059625
0.5499999999999999	-0.03462530134245251
0.5599999999999998	-0.03432588650263951
0.57	-0.03346043052168529
0.58	-0.032148616077033704
0.59	-0.03186864049954646
0.5999999999999999	-0.030596142373839813
0.6099999999999999	-0.029813538948079032
0.6199999999999999	-0.0283572700576539
0.6299999999999999	-0.02736149581631908
0.6399999999999999	-0.026502971948336868
0.6499999999999999	-0.025410670951620334
0.6599999999999999	-0.02376310768086995
0.6699999999999999	-0.023071262163254114
0.6799999999999999	-0.02183911501326513
0.69	-0.02011783849864704
0.7	-0.019482283936544414
0.71	-0.018250395895030913
0.72	-0.01648478958595226
0.7299999999999999	-0.015307827834223076
0.7399999999999999	-0.014049796538423615
0.7499999999999999	-0.012805159238540198
0.7599999999999999	-0.011787918914207163
0.7699999999999999	-0.01134323419352501
0.7799999999999999	-0.010089839174914655
0.7899999999999999	-0.008825245541478344
0.7999999999999999	-0.008598402056426091
0.8099999999999998	-0.007222085788856969
0.82	-0.0064743908300578246
0.83	-0.006343934249451788
0.84	-0.005627279485102332
0.85	-0.004906973181487084
0.8599999999999999	-0.004463149231077906
0.8699999999999999	-0.004228482379801002
0.8799999999999999	-0.004438565037528042
0.8899999999999999	-0.004336473286984721
0.8999999999999999	-0.004177758492957762
0.9099999999999999	-0.0044873160640175325
0.9199999999999999	-0.004042054517717303
0.9299999999999999	-0.00471722780449188
0.94	-0.004409851977786178
0.95	-0.0048371854369669565
0.96	-0.005312082647340316
0.97	-0.006247236665916894
0.98	-0.006457660134130544
0.99	-0.007850483937834607
0.9999999999999999	-0.00858035145996755
1.0099999999999998	-0.008829417249689137
1.0199999999999998	-0.0098450395164483
1.0299999999999998	-0.011300322541061225
1.0399999999999998	-0.011958053589539858
1.0499999999999998	-0.013380098581550537
1.0599999999999998	-0.014600202777802135
1.0699999999999998	-0.015811660044023484
1.0799999999999998	-0.016979195685703552
1.0899999999999999	-0.01820696502704483
1.0999999999999999	-0.01887653818098181
1.1099999999999999	-0.020641376950876145
1.1199999999999997	-0.02126614963573556
1.13	-0.023062825372566348
1.14	-0.023683677041645174
1.15	-0.025498043154292743
1.16	-0.0267023338951273
1.17	-0.02795219216658862
1.18	-0.029001936855870686
1.1899999999999997	-0.029420171902513698
1.1999999999999997	-0.03081136316147995
1.2099999999999997	-0.03136991742218098
1.2199999999999998	-0.03216396105627525
1.2299999999999998	-0.033489928341985664
1.2399999999999998	-0.03431084956177716
1.2499999999999998	-0.03503106206423057
1.2599999999999998	-0.03510792478475844
1.2699999999999998	-0.035567631032066005
1.2799999999999998	-0.035891938934022094
1.2899999999999998	-0.03664800463525625
1.2999999999999998	-0.0369963188728889
1.3099999999999998	-0.03677524374044863
1.3199999999999998	-0.036906640612554
1.3299999999999998	-0.036924978432977595
1.3399999999999999	-0.03649657859888139
1.3499999999999999	-0.03705227116995505
1.3599999999999999	-0.036143937457044084
1.3699999999999997	-0.035748003501598014
1.38	-0.03587269388760686
1.39	-0.03553827755792266
1.4	-0.03458401090794694
1.41	-0.03438639169424787
1.42	-0.032846413509493355
1.43	-0.03269580613895995
1.44	-0.031892924357492414
1.45	-0.031137589883679567
1.4599999999999997	-0.02952425607590961
1.4699999999999998	-0.028934846780015122
1.4799999999999998	-0.02736075375542002
1.4899999999999998	-0.026138535682000807
1.4999999999999998	-0.024909201734380743
1.5099999999999998	-0.02371998082371518
1.5199999999999998	-0.022516032423316096
1.5299999999999998	-0.021878237805937367
1.5399999999999998	-0.020065468602537967
1.5499999999999998	-0.018896164032197127
1.5599999999999998	-0.018231776178092518
1.5699999999999998	-0.016445858114673834
1.5799999999999998	-0.0152366976834932
1.5899999999999999	-0.014113055651770456
1.5999999999999999	-0.013250391957441848
1.6099999999999999	-0.012592112162751495
1.6199999999999997	-0.011430995229645913
1.63	-0.010015694184917434
1.64	-0.009880244024021878
1.65	-0.008995489391488781
1.66	-0.007704059515323297
1.67	-0.006828373669082871
1.68	-0.006268461656663976
1.69	-0.006152420773491513
1.7	-0.005753846791059808
1.71	-0.005327563105239325
1.7199999999999998	-0.0044386257242564064
1.7299999999999998	-0.004577610756194145
1.7399999999999998	-0.004040417344079339
1.7499999999999998	-0.0046317396442612235
1.7599999999999998	-0.00407571091288178
1.7699999999999998	-0.004005907897548983
1.7799999999999998	-0.004648727808126779
1.7899999999999998	-0.004317409617498907
1.7999999999999998	-0.005233580259691506
1.8099999999999998	-0.005382346727905246
1.8199999999999998	-0.006061257768748052
1.8299999999999998	-0.006487825410693204
1.8399999999999999	-0.007766721530536175
1.8499999999999999	-0.00858708154422791
1.8599999999999999	-0.008854312715669499
1.8699999999999997	-0.00962986200938043
1.88	-0.010986824726301636
1.89	-0.011680742795528554
1.9	-0.013356851428642597
1.91	-0.014401812240243117
1.92	-0.015543198149531284
1.93	-0.016482230235605577
1.94	-0.01761375298412296
1.95	-0.018815612673444865
1.96	-0.020078519465227818
1.97	-0.021355983417608304
1.98	-0.022569036049445296
1.9899999999999998	-0.02377617167796081
1.9999999999999998	-0.02489464966160207
2.01	-0.025924815848975047
2.0199999999999996	-0.02696905592399157
2.03	-0.028680890368141337
2.0399999999999996	-0.029525660813493754
2.05	-0.030113705241140792
2.0599999999999996	-0.030860047185015865
2.07	-0.03190074300424178
2.0799999999999996	-0.03266852511847182
2.09	-0.03342665503722134
2.0999999999999996	-0.034570269536130516
2.11	-0.035055956831260254
2.1199999999999997	-0.03578542009180871
2.1299999999999994	-0.035859884863376074
2.1399999999999997	-0.036273963582484775
2.1499999999999995	-0.03692360694845509
2.1599999999999997	-0.03692530704424796
2.1699999999999995	-0.03739206325468747
2.1799999999999997	-0.037026759442640694
2.1899999999999995	-0.03744649347398768
2.1999999999999997	-0.037226775059868406
2.2099999999999995	-0.037040126286604136
2.2199999999999998	-0.03616470928332732
2.2299999999999995	-0.035783758542229704
2.2399999999999993	-0.03583944778103726
2.2499999999999996	-0.034788900729425615
2.26	-0.03443641830530511
2.2699999999999996	-0.033809620571562005
2.28	-0.032581594405895836
2.2899999999999996	-0.032266587826550786
2.3	-0.031402053201533275
2.3099999999999996	-0.029971645475604963
2.32	-0.02932602581126406
2.3299999999999996	-0.027764106924805604
2.34	-0.026582275180088266
2.3499999999999996	-0.02539028317042724
2.36	-0.024183424472634107
2.3699999999999997	-0.022943695207645054
2.3799999999999994	-0.02225785657410989
2.3899999999999997	-0.02048323976473726
2.3999999999999995	-0.019825955128987327
2.4099999999999997	-0.018077104198188115
2.4199999999999995	-0.016886403392240013
2.4299999999999997	-0.015691379852726867
2.4399999999999995	-0.014472261667436703
2.4499999999999997	-0.013235265616254516
2.4599999999999995	-0.012206949772252729
2.4699999999999998	-0.011643015072412055
2.4799999999999995	-0.01032127770747654
2.4899999999999993	-0.00972149145685594
2.4999999999999996	-0.008895837509068805
2.51	-0.00811450739647232
2.5199999999999996	-0.006886115863942832
2.53	-0.006210486889237504
2.5399999999999996	-0.005995476188549065
2.55	-0.00538145233995424
2.5599999999999996	-0.004789539729850523
2.57	-0.0046214602976566155
2.5799999999999996	-0.0046526206288413086
2.59	-0.00430768439835344
2.5999999999999996	-0.0034988584518033383
2.61	-0.004043478486623536
2.6199999999999997	-0.0037487930623598675
2.63	-0.004210874741951781
2.6399999999999997	-0.00409832755553452
2.6499999999999995	-0.00500091228520419
2.6599999999999997	-0.004867737729536609
2.6699999999999995	-0.005171852334700439
2.6799999999999997	-0.006247450988268843
2.6899999999999995	-0.006416766544725089
2.6999999999999997	-0.007869455800840253
2.7099999999999995	-0.008072701112419672
2.7199999999999998	-0.008826669544313048
2.7299999999999995	-0.009775320496730577
2.7399999999999993	-0.011363256578561381
2.7499999999999996	-0.012052668404179179
2.76	-0.01293571234514393
2.7699999999999996	-0.014650555317673064
2.78	-0.015868995697971178
2.7899999999999996	-0.016444691663623917
2.8	-0.01827106303242443
2.8099999999999996	-0.018825651330180604
2.82	-0.020074269013348883
2.8299999999999996	-0.02130138527618891
2.84	-0.02251076443365277
2.8499999999999996	-0.024291075750366625
2.86	-0.024871885166421054
2.8699999999999997	-0.026679057943198914
2.88	-0.027841539380540098
2.8899999999999997	-0.029112518362149842
2.9	-0.03030237845629008
2.9099999999999997	-0.030638561227382066
2.9199999999999995	-0.0320917332851722
2.9299999999999997	-0.03255163035243014
2.9399999999999995	-0.03386485602566833
2.9499999999999997	-0.0341591206205879
2.9599999999999995	-0.03530438816727896
2.9699999999999998	-0.035427721860797734
2.9799999999999995	-0.036031955603150534
2.9899999999999993	-0.03676296657142056
2.9999999999999996	-0.03685971040249772
3.01	-0.03689212971585043
3.0199999999999996	-0.03731964598495216
3.03	-0.037984534920849355
3.0399999999999996	-0.03789349816236964
3.05	-0.03789549746153445
3.0599999999999996	-0.03767823383385474
3.07	-0.03696807231876392
3.0799999999999996	-0.0365900442957825
3.09	-0.03678431416297495
3.0999999999999996	-0.036319755688292155
3.11	-0.034954299730249244
3.1199999999999997	-0.03437955561777492
3.13	-0.033449782330904315
3.1399999999999997	-0.03259334874452963
3.15	-0.03236895088748662
3.1599999999999997	-0.03134514079629039
3.17	-0.029825932424693613
3.1799999999999997	-0.02910412549213215
3.1899999999999995	-0.028340682732040656
3.1999999999999997	-0.026464131498594973
3.2099999999999995	-0.025303338349284638
3.2199999999999998	-0.02413227063236309
3.2299999999999995	-0.02349737498505053
3.2399999999999993	-0.02222637526063556
3.2499999999999996	-0.02049544577054291
3.26	-0.019904081838394427
3.2699999999999996	-0.018672483300569587
3.28	-0.016865697650935457
3.2899999999999996	-0.016253843607713064
3.3	-0.014416938406281554
3.3099999999999996	-0.013251623088741449
3.32	-0.012350605927876651
3.3299999999999996	-0.011697256743933376
3.34	-0.010337943492696788
3.3499999999999996	-0.009696492417038155
3.36	-0.008900760731525043
3.3699999999999997	-0.007712791669255981
3.38	-0.006873425855764476
3.3899999999999997	-0.006037449420545349
3.4	-0.006071793295989725
3.4099999999999997	-0.0055535330676036165
3.42	-0.005314079948304851
3.4299999999999997	-0.004502280631163591
3.4399999999999995	-0.00410037305753802
3.4499999999999997	-0.00453816645993102
3.4599999999999995	-0.004480140208727168
3.4699999999999998	-0.004540548776308828
3.4799999999999995	-0.0040823101628955916
3.4899999999999993	-0.004306129497044342
3.4999999999999996	-0.004948175992390169
3.51	-0.0053854312472133015
3.5199999999999996	-0.005254752140073066
3.53	-0.005632666793979363
3.5399999999999996	-0.006736658275565799
3.55	-0.006785899039666005
3.5599999999999996	-0.008271103980332484
3.57	-0.0084283167695339
3.5799999999999996	-0.00919670406106013
3.59	-0.010056264451146879
3.5999999999999996	-0.01176328536476276
3.61	-0.0124065746009476
3.6199999999999997	-0.013175689934961127
3.63	-0.015095099150389785
3.6399999999999997	-0.016267264589829966
3.65	-0.017458427827125728
3.6599999999999997	-0.018057259582420104
3.67	-0.019903425373183126
3.6799999999999997	-0.020448932581197926
3.69	-0.0222874535691501
3.6999999999999997	-0.022871028679191246
3.7099999999999995	-0.0247037018820703
3.7199999999999998	-0.025845510400485133
3.7299999999999995	-0.027143508958332674
3.7399999999999993	-0.028379729255573555
3.7499999999999996	-0.029262732724455592
3.76	-0.02970711965146755
3.7699999999999996	-0.031135967075989784
3.78	-0.03237726464681842
3.7899999999999996	-0.032549101285422016
3.8	-0.0339080681412037
3.8099999999999996	-0.0346994043322211
3.82	-0.03501716349664913
3.8299999999999996	-0.0358810522577723
3.84	-0.03587688875684841
3.8499999999999996	-0.03621674337714634
3.86	-0.037041631810204145
3.8699999999999997	-0.037064071989673736
3.88	-0.03747318724138021
3.8899999999999997	-0.03699038872123436
3.9	-0.037026413501372535
3.9099999999999997	-0.03746307442413174
3.92	-0.03668804891770108
3.9299999999999997	-0.03651692138911192
3.94	-0.036295988204715746
3.9499999999999997	-0.03551069815644456
3.96	-0.035409943820258444
3.9699999999999998	-0.034592899251109865
3.9799999999999995	-0.03433282308444521
3.9899999999999993	-0.033504497371521835
3.9999999999999996	-0.03210977361147083
4.01	-0.03203910747979044
4.02	-0.030783135809600737
4.03	-0.029409948826165794
4.039999999999999	-0.028216145326046188
4.05	-0.0272228783878595
4.06	-0.02670130866745607
4.07	-0.02548254338505193
4.079999999999999	-0.023724023742965006
4.09	-0.02251351306715252
4.1	-0.021891305188981053
4.109999999999999	-0.020071132722837448
4.119999999999999	-0.01949148887140309
4.129999999999999	-0.01764275416677924
4.14	-0.01646094186041258
4.1499999999999995	-0.015196624736553727
4.159999999999999	-0.013955047254325809
4.169999999999999	-0.013055389949542445
4.18	-0.012225008648090813
4.1899999999999995	-0.010904468645204363
4.199999999999999	-0.010367934018919223
4.209999999999999	-0.009592018064630059
4.22	-0.00890552084106716
4.229999999999999	-0.007702315496079332
4.239999999999999	-0.006849962187949865
4.249999999999999	-0.0064893394814496685
4.259999999999999	-0.005661822639383113
4.27	-0.00584532113108116
4.279999999999999	-0.004906673511283266
4.289999999999999	-0.004412315802975103
4.299999999999999	-0.004554613939652952
4.31	-0.004023811840171476
4.319999999999999	-0.004572455219269161
4.329999999999999	-0.004052460404829372
4.339999999999999	-0.004292466283728313
4.35	-0.004975926372660228
4.359999999999999	-0.005379205963784883
4.369999999999999	-0.005752183216505169
4.379999999999999	-0.00568570289569531
4.39	-0.006649688053673747
4.3999999999999995	-0.006821782034317575
4.409999999999999	-0.008226566881866071
4.419999999999999	-0.008990211782371138
4.43	-0.009256539623765797
4.4399999999999995	-0.010126079602422566
4.449999999999999	-0.011342589293663358
4.459999999999999	-0.012564221430868716
4.47	-0.013846140654925537
4.479999999999999	-0.014991269847150407
4.489999999999999	-0.01600645345406987
4.499999999999999	-0.01721795508418464
4.509999999999999	-0.018554199163119012
4.52	-0.019770677873107767
4.529999999999999	-0.020992295421508572
4.539999999999999	-0.022216478125461625
4.549999999999999	-0.023401460104868765
4.56	-0.02457619496748248
4.569999999999999	-0.02579092832576399
4.579999999999999	-0.0269403282757269
4.589999999999999	-0.027960624820052182
4.6	-0.028579753331423097
4.609999999999999	-0.029821479803032264
4.619999999999999	-0.031037803900382605
4.629999999999999	-0.0314396585946386
4.64	-0.03225263405557502
4.6499999999999995	-0.03342235675122773
4.659999999999999	-0.034257032513750924
4.669999999999999	-0.03496545230746015
4.68	-0.035162740935360204
4.6899999999999995	-0.03556539281543364
4.699999999999999	-0.03591346362721212
4.709999999999999	-0.036629546363674104
4.72	-0.03684867806301159
4.729999999999999	-0.0367076948460254
4.739999999999999	-0.036706544396472696
4.749999999999999	-0.036670758085816546
4.759999999999999	-0.03708963541940269
4.77	-0.036630533733054665
4.779999999999999	-0.03678079412797822
4.789999999999999	-0.035742067979713826
4.799999999999999	-0.03592390492962111
4.81	-0.03556643135750798
4.819999999999999	-0.034364118082481604
4.829999999999999	-0.03393483339256914
4.839999999999999	-0.03359025422889461
4.85	-0.03276013067696651
4.859999999999999	-0.031959783434693634
4.869999999999999	-0.031069214493022912
4.879999999999999	-0.029651002217324612
4.89	-0.02909669825004607
4.8999999999999995	-0.027383370588530492
4.909999999999999	-0.026392295908895524
4.919999999999999	-0.025341794209484875
4.93	-0.024337405353059394
4.9399999999999995	-0.023374167015767056
4.949999999999999	-0.02220565280424916
4.959999999999999	-0.02053378280851134
4.97	-0.019905199212696734
4.979999999999999	-0.01807894046291114
4.989999999999999	-0.01688506270903839
4.999999999999999	-0.015659800613238684
5.01	-0.014424538110657442
5.02	-0.013192538439204982
5.029999999999999	-0.012420667252453471
5.039999999999999	-0.011309256795581507
5.049999999999999	-0.01053924247578275
5.06	-0.009156229864580423
5.069999999999999	-0.008488124123456925
5.079999999999999	-0.008225136806834149
5.089999999999999	-0.0068742111781157356
5.1	-0.0067795262235650355
5.109999999999999	-0.005914222127964025
5.119999999999999	-0.0057388214433177764
5.129999999999999	-0.004912788070575519
5.14	-0.0045099388773147675
5.1499999999999995	-0.004515950288017101
5.159999999999999	-0.004118449058420542
5.169999999999999	-0.004603363760706719
5.18	-0.004104139004272173
5.1899999999999995	-0.004094653460933295
5.199999999999999	-0.0047352051779119275
5.209999999999999	-0.004490123860411782
5.22	-0.004908284605630836
5.229999999999999	-0.005324344928074376
5.239999999999999	-0.005809839327175048
5.249999999999999	-0.00693542288316501
5.26	-0.00764101315393742
5.27	-0.008509605306748408
5.279999999999999	-0.00893269491632065
5.289999999999999	-0.009677945189712489
5.299999999999999	-0.01061704035474989
5.31	-0.012096429382527668
5.319999999999999	-0.012932167815922602
5.329999999999999	-0.013639887825467073
5.339999999999999	-0.015468482333534095
5.35	-0.016657576781550498
5.359999999999999	-0.017264734093906692
5.369999999999999	-0.019079493405846443
5.379999999999999	-0.019663419351562184
5.39	-0.021470479906884138
5.3999999999999995	-0.022107540046647556
5.409999999999999	-0.023329649355493726
5.419999999999999	-0.0251173817919374
5.43	-0.026297726184068837
5.4399999999999995	-0.027530270696821846
5.449999999999999	-0.02871794495574359
5.459999999999999	-0.029608285525433514
5.47	-0.030134293416556962
5.479999999999999	-0.031205852547926516
5.489999999999999	-0.03214004330158879
5.499999999999999	-0.03310005705742097
5.51	-0.033747670744248504
5.52	-0.03425353702466946
5.529999999999999	-0.035249267267607465
5.539999999999999	-0.035447621133726764
5.549999999999999	-0.035848741349546936
5.56	-0.03661369882772833
5.569999999999999	-0.03703002393747967
5.579999999999999	-0.0370970435545806
5.589999999999999	-0.03744812223014235
5.6	-0.03701579902554061
5.609999999999999	-0.03745984610854397
5.619999999999999	-0.03731186135707523
5.629999999999999	-0.036620196282608125
5.64	-0.036304039248689884
5.6499999999999995	-0.035842468883334866
5.659999999999999	-0.03587812728547993
5.669999999999999	-0.03519203638706303
5.68	-0.03466983312273675
5.6899999999999995	-0.03332879632631547
5.699999999999999	-0.0325407170210088
5.709999999999999	-0.03229470690482891
5.72	-0.0315130633540677
5.729999999999999	-0.030387174856544352
5.739999999999999	-0.02899715874938305
5.749999999999999	-0.02776574617874278
5.76	-0.026724068584832256
5.77	-0.025575753172991683
5.779999999999999	-0.0243080933989831
5.789999999999999	-0.02301633774665854
5.8	-0.0217671909249042
5.81	-0.02054731986475697
5.819999999999999	-0.019856045938710737
5.829999999999999	-0.018072084206227496
5.839999999999999	-0.0169223381180022
5.85	-0.015712311171503818
5.859999999999999	-0.014491453495031198
5.869999999999999	-0.01332575916475262
5.879999999999999	-0.012484545129375413
5.89	-0.011770987722326237
5.8999999999999995	-0.01080140038654373
5.909999999999999	-0.009826356743068254
5.919999999999999	-0.008622893322279612
5.93	-0.007764700753533138
5.9399999999999995	-0.007001489144145279
5.949999999999999	-0.006341272385112867
5.959999999999999	-0.005964585095770969
5.97	-0.005504478626134041
5.979999999999999	-0.00490086728838135
5.989999999999999	-0.004766262822529788
5.999999999999999	-0.004186713872986192
6.01	-0.004047015849040991
6.02	-0.0036754222163647154
6.029999999999999	-0.004138773014119468
6.039999999999999	-0.0036806170764881185
6.05	-0.003933542553106184
6.06	-0.004496030987947569
6.069999999999999	-0.004926422249383389
6.079999999999999	-0.004926159089561732
6.089999999999999	-0.005269017032929008
6.1	-0.006000996568942679
6.109999999999999	-0.006485264112287753
6.119999999999999	-0.007790149718283568
6.129999999999999	-0.008583733400766652
6.14	-0.008852659684896041
6.1499999999999995	-0.009798526900897747
6.159999999999999	-0.011175475183908212
6.169999999999999	-0.011901905439827665
6.18	-0.013383071694334087
6.1899999999999995	-0.01458808276255319
6.199999999999999	-0.015791064054151233
6.209999999999999	-0.01699991615041921
6.22	-0.017725703335078224
6.229999999999999	-0.019451855912742344
6.239999999999999	-0.020135775448415688
6.249999999999999	-0.021837188844060607
6.26	-0.022508447897814088
6.27	-0.02423784590972941
6.279999999999999	-0.024934092719039902
6.289999999999999	-0.026680335981358466
6.3	-0.02791770211471256
6.31	-0.028884402464388365
6.319999999999999	-0.029451169461322868
6.329999999999999	-0.030926141558173886
6.34	-0.0313729434863598
6.35	-0.03221080166882828
6.359999999999999	-0.033041834000000714
6.369999999999999	-0.03425428197383881
6.379999999999999	-0.03506922318465394
6.39	-0.03532891470528335
6.3999999999999995	-0.036269315108517636
6.409999999999999	-0.03617465250738347
6.419999999999999	-0.03705344480398348
6.43	-0.03744848667125095
6.4399999999999995	-0.03711297015738563
6.449999999999999	-0.03735757478753465
6.459999999999999	-0.0375478965656299
6.47	-0.03695576603781475
6.479999999999999	-0.037472256267574305
6.489999999999999	-0.03663629954662159
6.499999999999999	-0.03627677137947208
6.51	-0.03579007812249241
6.52	-0.035926435868161855
6.529999999999999	-0.03487810078877743
6.539999999999999	-0.03476460143480631
6.55	-0.033249159396065875
6.56	-0.032535255396874796
6.569999999999999	-0.03243781808826604
6.579999999999999	-0.03132794628637722
6.59	-0.030112402752207584
6.6	-0.029428960694642486
6.609999999999999	-0.027822790592875096
6.619999999999999	-0.026682434663792498
6.629999999999999	-0.025530916140993204
6.64	-0.02418391540892592
6.6499999999999995	-0.022952387035874433
6.659999999999999	-0.021729716857450565
6.669999999999999	-0.021095819914608932
6.68	-0.01990307457254925
6.6899999999999995	-0.018103199848513496
6.699999999999999	-0.017536986881655448
6.709999999999999	-0.015623240514203884
6.72	-0.014566163090321632
6.729999999999999	-0.013522541369812319
6.739999999999999	-0.012947874506808815
6.749999999999999	-0.011392946317892338
6.76	-0.010867923663628015
6.77	-0.010080174883428883
6.779999999999999	-0.009281219433425025
6.789999999999999	-0.008518347623796052
6.8	-0.007228733048715047
6.81	-0.006473717236397697
6.819999999999999	-0.006293019245514148
6.829999999999999	-0.005238137158043804
6.84	-0.005347911186119159
6.85	-0.004400567871701899
6.859999999999999	-0.004391566762942251
6.869999999999999	-0.004024588020847819
6.879999999999999	-0.004674904136841906
6.89	-0.004596114100675064
6.8999999999999995	-0.004005634363299426
6.909999999999999	-0.004149549506855255
6.919999999999999	-0.005034465411835748
6.93	-0.005417490485792098
6.9399999999999995	-0.005189651067325052
6.949999999999999	-0.005704136294998885
6.959999999999999	-0.006810412569852459
6.97	-0.007294417500171735
6.979999999999999	-0.007616580659277367
6.989999999999999	-0.008450690351806373
6.999999999999999	-0.009239685162522882
7.01	-0.01017813961048103
7.02	-0.011671843710001267
7.029999999999999	-0.012205208557398317
7.039999999999999	-0.013815255015778266
7.05	-0.01502150916060993
7.06	-0.01599453563852124
7.069999999999999	-0.01713846598217353
7.079999999999999	-0.018017649842346772
7.09	-0.01910664346814364
7.1	-0.0201363151470966
7.109999999999999	-0.02127930116423521
7.119999999999999	-0.023071028745702576
7.13	-0.024277047337441765
7.14	-0.025495126605366153
7.1499999999999995	-0.02668605828709472
7.159999999999999	-0.027946681014894476
7.169999999999999	-0.028280682585128114
7.18	-0.029728124901993253
7.1899999999999995	-0.030124541905192037
7.199999999999999	-0.03125838194317554
7.209999999999999	-0.03272495246079127
7.22	-0.03292405779507257
7.229999999999999	-0.0343119846832482
7.239999999999999	-0.03441945490438833
7.249999999999999	-0.03523616272273705
7.26	-0.0354291256594261
7.27	-0.03620226453282932
7.279999999999999	-0.036633163415625086
7.289999999999999	-0.03690883268012013
7.3	-0.036614986633798974
7.31	-0.03665447523312035
